Evaluation : N=44, type=float
MM_ijk	3.21483	2.68091	2.68371	2.67986	2.68201	2.68521	2.67934	2.68554	2.68196	2.6815	2.68198	2.68445	2.67973	2.68226	2.68511	2.68149

MM_ikj	0.468867	0.467259	0.467095	0.467177	0.466449	0.467717	0.464993	0.467729	0.465357	0.467975	0.466801	0.466261	0.466496	0.466355	0.465216	0.467377

MM_B_ijk	1.88301	1.87741	1.87499	1.87407	1.87475	1.87419	1.8745	1.87459	1.87563	1.87386	1.87526	1.8741	1.87394	1.87381	1.8738	1.87559

Evaluation : N=44, type=float
MM_ijk	3.15506	2.62452	2.62709	2.6252	2.62906	2.62454	2.62685	2.62392	2.63018	2.62418	2.62674	2.62466	2.6292	2.62489	2.62626	2.62442

MM_ikj	0.468586	0.466437	0.466766	0.466872	0.466743	0.466555	0.466637	0.466473	0.466379	0.466484	0.467294	0.466942	0.466778	0.466238	0.467224	0.465639

MM_B_ijk	1.88947	2.85542	1.87468	1.8757	1.87519	1.87329	1.87442	1.87493	1.87627	1.87411	1.87353	1.87501	1.87385	1.87556	1.87356	1.8744

Evaluation : N=44, type=float
MM_ijk	3.27188	2.73076	2.72886	2.73366	2.73028	2.73052	2.72822	2.73426	2.73027	2.73002	2.72839	2.7347	2.72997	2.72995	2.73	2.73097

MM_ikj	0.489658	0.486065	0.487815	0.486582	0.487779	0.486594	0.487756	0.486629	0.487674	0.486652	0.487603	0.486441	0.48765	0.487052	0.486793	0.487357

MM_B_ijk	1.96184	1.9495	1.95018	1.94855	1.94864	1.95101	1.94864	1.95069	1.94755	1.94876	1.95011	2.27909	1.95052	1.95008	1.94991	1.94961

