Evaluation : N=243, type=float
MM_ijk	4.09872	4.03722	4.12516	4.031	3.88422	3.3125	3.28406	3.27094	3.26426	3.25823	3.35941	3.28576	3.26494	3.2634	3.27597	3.25696

MM_ikj	1.84606	1.90772	1.87705	1.85504	1.90015	1.83503	1.89628	1.84863	1.89116	1.90606	1.83966	1.90047	1.84098	1.89091	1.89879	1.84244

MM_B_ijk	1.62594	1.52883	1.62688	1.53207	1.64603	1.54505	1.69386	1.64374	1.674	1.57603	1.66583	1.77493	1.70889	1.61635	1.55399	1.55423

Evaluation : N=243, type=float
MM_ijk	4.08902	4.00473	3.77964	3.23541	3.2252	3.23208	3.24959	3.22797	3.23169	3.22736	3.23108	3.24349	3.22608	3.22306	3.23399	3.2348

MM_ikj	1.83229	1.86307	1.83682	1.86052	1.85369	1.84678	1.85694	1.83526	1.85723	1.85019	1.84609	1.88689	1.83698	1.85705	1.8365	1.85398

MM_B_ijk	1.55192	1.53418	1.55255	1.53515	1.53836	1.54604	1.54106	1.54797	1.53583	1.55274	1.53801	1.55883	1.52854	1.589	1.53232	1.55744

Evaluation : N=243, type=float
MM_ijk	4.09365	4.00432	4.09761	4.07084	3.94165	3.31467	3.21407	3.22259	3.22674	3.22513	3.22913	3.22794	3.2312	3.2255	3.22627	3.24662

MM_ikj	1.85175	1.85918	1.84679	1.85609	1.84901	1.8592	1.84147	1.85292	1.84876	1.84889	1.86643	1.83796	1.85284	1.83967	1.85297	1.86939

MM_B_ijk	1.53549	1.55046	1.53274	1.55225	1.53211	1.55736	1.53057	1.55475	1.54519	1.55443	1.53309	2.01629	1.91806	1.55691	1.53595	1.56196

