Evaluation : N=37, type=float
MM_ijk	3.21162	2.52009	2.51746	2.51896	2.51969	2.51991	2.51778	2.51904	2.51979	2.51993	2.51721	2.51944	2.52044	2.52025	2.51736	2.521

MM_ikj	2.07733	2.07141	2.0718	2.07103	2.07036	2.07016	2.07115	2.07089	2.07024	2.07008	2.07091	2.07113	2.07044	2.06981	2.07068	2.07121

MM_B_ijk	1.80122	1.78603	1.78124	1.78473	1.77934	1.78242	1.78183	1.78207	1.78317	1.78386	1.78262	1.78629	1.78161	1.78317	1.78063	1.78151

Evaluation : N=37, type=float
MM_ijk	3.48398	2.72529	2.72231	2.72314	2.71919	2.72404	2.72464	2.72241	2.71954	2.72418	2.72075	2.72493	2.71927	4.10679	2.72116	2.71727

MM_ikj	2.24739	2.24026	2.28644	2.27023	2.24725	2.24844	2.23525	2.2437	2.2392	2.23537	2.2403	2.23657	2.23529	2.23679	2.23629	2.23541

MM_B_ijk	1.94204	1.93067	1.92915	1.92731	1.92922	1.9282	1.9299	1.92871	1.92867	1.92841	1.92841	1.93057	1.92725	1.93082	1.92871	1.92739

Evaluation : N=37, type=float
MM_ijk	3.38126	2.62087	2.61761	2.61791	2.61617	2.619	2.61947	2.6184	2.61619	2.61815	2.61925	2.61815	2.61524	2.61919	2.61546	2.61927

MM_ikj	2.15885	2.15142	2.15036	3.31108	2.17827	2.17705	2.1762	2.60976	2.47231	2.17584	2.17685	2.17661	2.17553	2.17632	2.17707	2.1758

MM_B_ijk	1.86305	1.85262	1.85272	1.8515	1.85087	1.85037	1.84974	1.85035	1.85041	1.85077	1.85118	1.84972	1.85097	1.84988	1.84994	1.84883

