Evaluation : N=255, type=float
MM_ijk	4.11167	4.06471	4.06574	4.04499	3.44369	3.26676	3.24819	3.26106	3.248	3.25003	3.25485	3.2513	3.2587	3.29509	3.34437	3.71835

MM_ikj	1.84214	1.8464	1.8374	1.84266	1.8457	1.83959	1.83393	1.84012	1.84942	1.82805	1.84703	1.84416	1.82694	1.84602	1.87608	2.30572

MM_B_ijk	2.13013	2.36827	2.91551	1.9947	1.89351	1.86108	1.87361	1.879	1.86045	1.87366	1.87763	1.85569	1.8714	1.87646	1.85502	1.87247

Evaluation : N=255, type=float
MM_ijk	3.98528	3.8958	3.46051	3.80007	3.65447	3.3212	3.2628	3.28281	3.25936	3.2588	3.25721	3.26059	3.28752	3.29098	3.25842	3.2588

MM_ikj	1.8839	1.87441	1.83774	1.89673	1.8817	1.83767	1.87758	1.88428	1.84208	1.87755	1.89305	1.83534	1.87902	1.88868	1.86156	1.8516

MM_B_ijk	1.91781	1.91163	1.86383	1.91951	1.92182	1.85889	1.91184	1.92258	1.86082	1.91991	1.91322	1.91559	1.86604	1.91591	1.91284	1.86216

