Evaluation : N=147, type=float
MM_ijk	3.75025	3.47766	3.62477	3.36837	3.2577	3.18849	3.22617	3.08047	2.98394	2.99573	3.0112	3.13763	3.24929	2.99203	3.00356	3.09054

MM_ikj	1.96381	2.0965	1.86917	1.87187	1.88434	1.91644	1.89212	2.08827	1.93222	1.88109	1.87072	1.86811	1.90258	1.90213	2.05007	1.95876

MM_B_ijk	1.53871	1.5206	1.53685	1.5208	1.53065	1.52052	1.5584	1.8035	1.57905	1.53617	1.52447	1.55398	1.52136	1.52918	1.55347	1.56088

Evaluation : N=147, type=float
MM_ijk	3.80008	3.71189	3.94827	3.76249	3.71661	3.84851	3.82253	3.70806	3.72486	3.85468	3.88823	3.69405	3.69507	3.88097	3.79066	3.69395

MM_ikj	2.41861	2.62222	2.40885	2.32543	2.3164	2.31992	2.3715	2.57069	2.37981	2.33118	2.3166	2.21224	2.01824	2.12058	2.16732	1.94316

MM_B_ijk	1.53169	1.5201	1.52588	1.52012	1.57336	1.7401	1.81743	1.5463	1.52292	1.52736	1.5228	1.52617	1.51912	1.57035	1.55118	1.79669

Evaluation : N=147, type=float
MM_ijk	4.07401	3.86386	3.76941	3.96502	3.7085	3.42028	3.3743	3.37595	3.32622	3.4562	3.20155	3.16985	3.16519	3.02201	3.07067	3.00763

MM_ikj	2.06444	1.95684	1.90836	1.87993	1.87471	1.86831	1.92718	1.8744	1.94857	1.92186	1.88287	1.86849	1.87115	2.05177	1.87534	1.90133

MM_B_ijk	1.57052	1.56746	1.53298	1.51945	1.52984	1.51907	1.62812	1.71199	1.55239	1.58198	1.59879	1.76265	1.59082	1.53339	1.51999	1.5548

