Evaluation : N=328, type=float
MM_ijk	3.7195	3.6699	3.5068	3.30227	3.296	3.28498	3.29141	3.28241	3.28639	3.29421	3.28797	3.30511	3.35277	3.29382	3.28628	3.28722

MM_ikj	0.418788	0.423196	0.41251	0.417396	0.422478	0.41319	0.418685	0.422474	0.414201	0.417524	0.423662	0.415109	0.418218	0.42039	0.415281	0.414927

MM_B_ijk	1.55255	1.55948	1.54753	1.55025	1.55041	1.55502	1.55084	1.54861	1.55439	1.55165	1.55509	1.55337	1.54828	1.55046	1.55145	1.55711

Evaluation : N=328, type=float
MM_ijk	4.17618	3.44644	3.32148	3.31112	3.30202	3.66677	3.65195	3.643	3.66065	4.61981	4.81197	4.45969	3.69726	3.6766	3.62967	3.3738

MM_ikj	0.422497	0.418144	0.4415	0.419288	0.417952	0.439742	0.418745	0.416243	0.43835	0.41974	0.418239	0.460822	0.415813	0.417379	0.451171	0.41619

MM_B_ijk	1.5816	1.58223	1.61618	1.58305	1.58196	1.6803	1.81693	1.79139	1.89263	1.83581	1.92289	1.88115	1.92988	1.62664	1.59182	2.02489

