Evaluation : N=120, type=float
MM_ijk	3.32054	3.11029	3.36453	3.17964	3.03601	2.96192	2.92822	2.91027	2.92111	2.96256	3.01005	3.00651	3.12311	2.95454	2.90962	2.92218

MM_ikj	0.39431	0.393509	0.393951	0.394423	0.394449	0.394465	0.394468	0.394466	0.394483	0.394427	0.40994	0.394682	0.446741	0.393678	0.393653	0.393682

MM_B_ijk	1.69161	1.69851	1.69215	1.73893	1.8436	1.78664	1.74925	1.71622	1.69188	1.69129	1.70155	1.69125	1.69123	2.4623	1.82784	1.69177

Evaluation : N=120, type=float
MM_ijk	3.38544	3.25905	3.24408	3.28067	3.35447	3.24726	3.38273	3.40022	3.24401	3.25753	3.24425	3.25454	3.32831	3.25202	3.41738	3.30336

MM_ikj	0.436481	0.434705	0.435438	0.435862	0.435778	0.442108	0.436323	0.435807	0.435775	0.435803	0.435852	0.450657	0.436089	0.435979	0.436004	0.435983

MM_B_ijk	1.88703	1.90369	1.88755	1.88741	2.0004	1.88728	1.91781	2.09196	2.14326	2.12184	1.88685	1.88719	1.90538	1.88707	1.8863	1.95906

Evaluation : N=120, type=float
MM_ijk	3.52973	3.42298	3.40877	3.39482	3.46262	3.78324	3.57608	3.5183	3.47241	3.3936	3.47468	3.48773	3.59363	3.6255	3.51763	3.3937

MM_ikj	0.459449	0.474299	0.457347	0.45777	0.458791	0.458817	0.458782	0.458782	0.458774	0.458741	0.45875	0.458758	0.486333	0.486262	0.45887	0.458807

MM_B_ijk	1.98081	2.04061	1.98779	2.52583	1.89284	1.75243	1.74315	1.72272	1.69075	1.69067	1.70237	1.69049	1.66452	1.65436	1.5783	1.58243

