Evaluation : N=16, type=float
MM_ijk	5.521	2.18604	2.1748	2.17163	2.16211	2.17456	2.16919	2.18628	2.17017	2.17456	2.16821	2.16943	2.16772	2.177	2.17896	2.18384

MM_ikj	0.859131	0.787354	0.792236	0.775879	0.775635	0.775635	0.775391	0.774902	0.773438	0.773438	0.772949	0.772461	0.773438	0.773438	0.774902	0.773926

MM_B_ijk	1.91479	1.85986	1.86377	1.85059	1.84741	1.85132	1.84985	1.85327	1.84448	1.85254	1.84888	1.84253	1.8479	1.85107	1.84497	1.8562

Evaluation : N=16, type=float
MM_ijk	5.55493	2.18579	2.16602	2.16602	2.1731	2.17651	2.17456	2.17847	2.16504	2.17114	2.16797	2.16724	2.17358	2.17749	2.18677	2.18188

MM_ikj	0.876953	0.799561	0.77832	0.791016	0.775391	0.774902	0.775391	0.774902	0.776367	0.775391	0.774414	0.773438	0.773438	0.773438	0.772949	0.772461

MM_B_ijk	1.91333	1.8645	1.86279	1.85034	1.84937	1.85059	1.84424	1.84448	1.85181	1.84937	1.84937	1.854	1.85376	1.84644	1.84302	1.84644

Evaluation : N=16, type=float
MM_ijk	5.22607	2.09985	2.08569	2.08569	2.08594	2.08594	2.09277	2.0918	2.09473	2.08789	2.09277	2.08789	2.08594	2.07935	2.08252	2.0835

MM_ikj	0.849365	0.756836	0.742432	0.743896	0.741943	0.74292	0.743896	0.74292	0.744629	0.744873	0.745361	0.746094	0.74585	0.74585	0.745361	0.744873

MM_B_ijk	1.83325	1.78491	1.7793	1.77637	1.78247	1.78174	1.78369	1.78125	1.77759	1.77783	1.77441	1.78003	1.77905	1.78076	1.78271	1.78101

