Evaluation : N=345, type=float
MM_ijk	4.21548	3.39947	3.3598	3.36045	3.35585	3.35307	3.34752	3.34406	3.3428	3.34557	3.36772	3.35189	3.35854	3.35633	3.35732	3.35628

MM_ikj	1.85551	1.8547	1.83887	1.85617	1.86274	1.83457	1.86181	1.85756	1.83863	1.85787	1.86109	1.84321	1.86392	1.86247	1.85443	1.86709

MM_B_ijk	1.59996	1.5626	1.59661	1.56664	1.56896	1.60558	1.5655	1.59212	1.56377	1.59492	1.56579	1.58067	1.58132	1.5626	1.59282	1.5652

Evaluation : N=345, type=float
MM_ijk	4.19823	3.38311	3.39804	3.34968	3.35401	3.36054	3.4027	3.44749	3.35709	3.34286	3.38123	3.35937	3.36025	3.35774	3.3791	3.35989

MM_ikj	1.87092	1.86824	1.84512	1.85243	1.86234	1.88776	1.84042	1.86034	1.86089	1.84823	1.86059	1.8585	1.83626	1.85604	1.86633	1.8408

MM_B_ijk	1.58989	1.56541	1.59187	1.56341	1.58887	1.56703	1.5668	1.58863	1.56381	1.58973	1.56023	1.6053	1.56192	1.58478	1.72551	1.5454

