Evaluation : N=302, type=float
MM_ijk	3.93204	3.88622	3.85145	3.36487	3.36264	3.35573	3.35411	3.3558	3.35931	3.35839	3.39704	3.35165	3.35502	3.35766	3.36466	3.45076

MM_ikj	1.44606	1.42123	1.4162	1.41488	1.41293	1.41026	1.40347	1.41188	1.41045	1.4128	1.41308	1.41403	1.572	2.31844	1.5931	1.43579

MM_B_ijk	1.5739	1.5478	1.55533	1.59832	1.57331	1.5562	1.54749	1.55669	1.55096	1.54292	1.54172	1.54743	1.54974	1.55204	1.54905	1.54433

Evaluation : N=302, type=float
MM_ijk	4.25881	3.68641	3.36752	3.36913	3.36397	3.36924	3.37426	3.37489	3.36207	3.36681	3.37176	3.37774	3.36848	3.37591	3.37285	3.36406

MM_ikj	1.42509	1.41291	1.41753	1.42589	1.43357	1.429	1.4322	1.42902	1.42333	1.40712	1.43259	1.43075	1.43391	1.43187	1.42768	1.46786

MM_B_ijk	1.72534	1.5816	1.5807	1.57781	1.58043	1.57755	1.57686	1.56008	1.57814	1.57613	1.57725	1.58142	1.58004	1.57176	1.58099	1.58218

