Evaluation : N=128, type=float
MM_ijk	3.6992	3.65365	3.70196	3.81668	3.79522	3.73077	3.65472	4.35406	4.45896	3.62097	3.77496	3.89905	4.57609	3.75525	3.63605	3.61036

MM_ikj	0.430565	0.429519	0.429534	0.429565	0.429589	0.505704	0.43017	0.429286	0.42928	0.429265	0.429299	0.429305	0.429255	0.429322	0.493819	0.429917

MM_B_ijk	1.86318	1.89091	2.01582	1.90321	1.98804	1.8632	1.88136	1.86316	1.87194	1.86313	1.86283	1.9262	1.88387	1.96703	1.88304	1.98313

Evaluation : N=128, type=float
MM_ijk	3.62002	3.46383	3.54047	3.52672	3.46641	3.46681	3.49715	3.48451	3.61342	3.51542	3.47819	3.48011	3.45681	3.51375	3.59159	3.52408

MM_ikj	0.417277	0.415166	0.415223	0.415221	0.415191	0.415206	0.425327	0.415522	0.415354	0.415351	0.415364	0.415315	0.41532	0.422976	0.417392	0.415258

MM_B_ijk	2.07086	1.80862	1.81922	1.80251	1.82609	1.99113	1.81695	1.86121	1.80259	1.81351	1.83421	1.84699	1.80216	1.80712	1.84966	1.80239

Evaluation : N=128, type=float
MM_ijk	3.80227	3.58	3.44941	3.50079	3.49836	3.78572	3.52484	3.45911	3.44854	3.49735	3.5413	3.7123	3.50569	3.45901	3.47218	3.47688

MM_ikj	0.417252	0.41282	0.412757	0.426651	0.413481	0.558497	0.724731	0.795348	0.477867	0.63949	0.661747	0.423766	0.454209	0.42546	0.414984	0.417181

MM_B_ijk	1.86673	1.81433	1.79168	1.80013	1.79124	1.87977	1.79121	1.79565	1.80516	1.93749	2.22775	1.81099	1.8413	1.79142	1.79116	1.83268

