Evaluation : N=149, type=float
MM_ijk	3.87367	3.56065	3.61615	3.63781	3.63876	3.57335	3.59022	3.63624	3.61157	3.55342	3.66488	3.60018	3.11375	3.08102	3.06052	3.17778

MM_ikj	1.92185	1.92598	1.86657	1.86912	1.89016	1.89878	1.89452	1.96533	1.87946	1.87882	1.86923	1.89218	1.89558	1.88423	1.9326	1.93498

MM_B_ijk	1.52587	1.51578	1.51941	1.51847	1.57662	1.52705	1.59018	1.56823	1.51605	1.531	1.63928	1.57301	1.54416	1.51586	1.5316	1.55661

Evaluation : N=149, type=float
MM_ijk	3.82255	3.69811	3.73278	3.89069	3.71257	3.72863	3.78387	3.74238	3.70104	3.72584	4.06191	3.71064	3.69567	3.73206	3.7948	3.76136

MM_ikj	2.32521	2.34712	2.4313	2.39863	2.32128	2.31456	2.3482	2.32133	2.83043	3.24824	2.93642	2.72659	2.01274	2.49042	3.21511	3.57344

MM_B_ijk	2.88086	2.84261	2.98424	3.09956	3.06435	2.80509	3.18175	2.90918	2.5068	2.22283	1.89413	1.94297	1.76124	1.96712	2.3262	2.24989

Evaluation : N=149, type=float
MM_ijk	4.16778	3.97073	4.04608	3.98971	4.09236	4.0842	3.95934	4.06066	4.3547	4.03163	3.97032	4.5194	3.86141	3.95694	4.51415	3.95265

MM_ikj	2.56062	2.53743	2.66442	2.53544	2.64817	2.13799	2.23236	2.08162	2.26835	2.34053	2.30812	1.87879	2.32582	2.18562	2.07906	2.67704

MM_B_ijk	1.77991	1.52559	1.91612	1.59411	1.65723	1.96033	1.75145	1.94931	1.51504	1.90424	1.62202	1.62742	1.83737	2.02104	2.06521	1.89481

