Evaluation : N=131, type=float
MM_ijk	3.75497	3.77783	3.63565	3.60773	3.62262	3.65439	3.81077	3.69343	3.6464	3.62058	3.65392	3.71614	3.8024	3.6186	3.62123	3.79566

MM_ikj	2.33872	2.42836	2.41368	2.43272	2.33483	2.34419	2.34347	2.33417	2.38581	2.33436	2.51642	2.43778	2.37233	2.34557	2.33433	2.34748

MM_B_ijk	1.88743	1.93022	1.8875	1.97215	1.98161	1.96637	1.88709	1.90142	1.88699	1.89852	1.88711	1.96809	1.89109	1.66901	1.69277	1.63778

Evaluation : N=131, type=float
MM_ijk	4.91964	3.94473	3.62863	3.61757	3.61716	3.64592	3.84684	3.72455	3.6839	3.65601	3.6321	3.70783	3.83352	3.624	3.6891	3.86961

MM_ikj	2.33947	2.35564	2.4223	2.43324	2.34969	2.39159	2.35637	2.33417	2.43656	2.34333	2.453	2.55293	2.33601	2.34608	2.33941	2.33381

MM_B_ijk	2.01834	1.89084	1.89665	1.98061	1.9407	1.98278	1.89677	1.94349	1.89271	1.88689	1.92045	1.74509	1.62935	1.63153	1.73388	1.64956

Evaluation : N=131, type=float
MM_ijk	3.77726	3.53825	3.34886	3.43341	3.48337	3.51952	3.35216	3.35033	3.39706	3.35673	3.45315	3.38991	3.35345	3.34934	3.3886	3.37442

MM_ikj	2.38621	2.48844	2.16478	2.17709	2.17008	2.16135	2.19738	2.20209	2.19497	2.23438	2.2601	3.36338	2.75478	2.38605	2.20958	2.20593

MM_B_ijk	1.76125	1.89452	2.00416	2.00815	1.8224	1.81308	1.74985	1.78634	1.83177	1.76249	1.74701	1.74741	1.8192	1.8658	1.88051	1.93284

