Evaluation : N=22, type=float
MM_ijk	4.4676	2.34974	2.34833	2.35378	2.3472	2.34344	2.34852	2.35096	2.341	2.34532	2.35124	2.34363	2.3472	2.35171	2.34438	2.34495

MM_ikj	1.69929	1.68266	1.67693	1.67825	1.67412	1.6729	1.676	1.67844	1.67524	1.67224	1.67506	1.67863	1.67637	1.67318	1.67431	1.67816

MM_B_ijk	1.92027	1.86908	1.86242	1.86091	1.84889	1.85218	1.85368	1.85697	1.84842	1.85584	1.85697	1.85406	1.84889	1.85434	1.86016	1.85133

Evaluation : N=22, type=float
MM_ijk	4.73516	2.34833	2.34739	2.34683	5.54545	2.35058	2.34082	2.34758	2.34739	2.34157	2.3457	6.6064	2.35143	2.34786	2.34288	2.34955

MM_ikj	1.77245	1.75639	1.75441	1.74944	1.75535	1.75009	1.74399	1.7423	1.74606	1.7484	1.74437	1.74174	1.74512	1.74812	1.74512	1.74221

MM_B_ijk	1.99455	1.94816	1.9305	1.92252	1.93088	1.93013	1.92008	1.92581	1.93107	1.92675	1.92299	1.92731	1.93032	1.92881	1.92215	1.93079

Evaluation : N=22, type=float
MM_ijk	4.80888	3.50319	2.83743	3.1513	2.82898	3.55344	3.74822	3.45905	3.51324	3.32635	2.4444	2.44919	2.44994	2.43867	2.44788	2.45746

MM_ikj	1.79893	1.74249	1.74249	1.74559	1.74267	1.73948	1.76014	1.78325	1.76165	1.75779	1.74155	1.7453	1.77874	1.79348	1.77554	1.76315

MM_B_ijk	1.99699	2.04442	1.99587	1.96459	1.96159	2.01005	1.94947	1.97906	1.96628	1.96788	1.9692	1.9413	2.00714	1.92787	11.1134	1.96704

