Evaluation : N=104, type=float
MM_ijk	3.25849	2.96483	3.2278	3.03875	2.75573	2.74905	2.63742	2.63759	2.65308	2.63672	2.63669	2.65277	2.63749	2.63743	2.7416	2.6376

MM_ikj	0.378276	0.376694	0.376678	0.440778	0.376861	0.376508	0.376564	0.376674	0.377403	0.412376	0.382336	0.459739	0.394684	0.385609	0.387914	0.431901

MM_B_ijk	1.77262	1.68135	1.7776	1.73601	1.64831	1.64856	1.64895	1.64818	1.66104	1.64816	1.64821	1.64842	1.64843	1.67345	1.64864	1.64848

Evaluation : N=104, type=float
MM_ijk	3.08409	2.99764	2.97016	2.94869	2.96905	3.01782	2.96464	3.15727	2.9827	3.10175	2.94195	2.9419	2.96072	2.94411	2.94431	2.95838

MM_ikj	0.421575	0.420635	0.420612	0.42074	0.421512	0.421355	0.421532	0.421403	0.4215	0.49777	0.421462	0.421391	0.421511	0.564794	0.462985	0.421694

MM_B_ijk	1.83942	1.83879	1.86042	2.06238	1.9109	1.85525	1.98288	1.87189	1.83812	1.83839	1.83841	1.85181	1.86567	1.83871	1.83899	1.83858

Evaluation : N=104, type=float
MM_ijk	3.24451	3.06227	3.06073	3.15818	3.05915	3.22575	3.26468	3.18474	3.11219	3.06018	3.07835	3.06098	3.06111	3.19925	3.05839	3.06512

MM_ikj	0.45915	0.437171	0.436758	0.436847	0.437254	0.437736	0.437749	0.437736	0.437718	0.438477	0.437987	0.437816	0.43774	0.440687	0.645769	0.695696

MM_B_ijk	2.31596	1.93796	1.94054	2.07435	1.97946	1.91186	2.04264	1.91245	1.94138	1.91285	1.9122	1.9494	2.00306	1.91184	1.91218	1.99605

