Evaluation : N=331, type=float
MM_ijk	4.04549	3.97941	3.41436	3.33827	3.33134	3.33528	3.33758	3.33663	3.32915	3.3398	3.34064	3.34412	4.01406	4.41284	4.21026	3.40378

MM_ikj	1.86671	1.82723	1.84208	1.83241	1.84985	1.83699	1.83137	1.82586	1.82523	1.83267	1.82493	1.8315	1.82419	1.83494	1.82475	1.83331

MM_B_ijk	1.54889	1.55407	1.55352	1.55802	1.54324	1.55106	1.57761	1.56082	1.55252	1.55564	1.57095	1.55838	1.55123	1.55587	1.55945	1.5647

Evaluation : N=331, type=float
MM_ijk	4.62648	4.05807	3.4929	3.40209	3.35503	3.36296	3.34055	3.3548	3.38594	3.54462	4.43307	4.61232	4.57018	4.00756	3.4135	3.35942

MM_ikj	1.88183	1.86013	1.98736	2.44337	2.67282	3.32809	3.5097	3.37632	2.11886	2.31438	1.94834	1.94507	1.89945	1.93301	1.88413	1.90368

MM_B_ijk	1.60595	1.80298	2.3611	3.61407	3.75395	3.11116	3.05823	3.1311	1.88114	1.77213	1.70618	1.81209	2.1334	3.41851	3.25141	2.75136

