Evaluation : N=132, type=float
MM_ijk	3.62967	3.22441	3.21393	3.26698	3.29209	3.35088	3.29555	3.22593	3.21359	3.22599	3.26195	3.30229	3.34304	3.21973	3.21362	3.51692

MM_ikj	0.540496	0.489028	0.512617	0.416116	0.416818	0.417388	0.417342	0.417388	0.417276	0.434783	0.438893	0.434692	0.578983	0.43496	0.419958	0.421765

MM_B_ijk	1.8993	1.80217	1.80772	1.80246	1.8022	1.8106	1.60678	1.60302	1.56319	1.59265	1.67663	1.58602	1.74392	1.51172	1.52671	1.51154

Evaluation : N=132, type=float
MM_ijk	3.37877	3.18653	3.18766	3.27101	3.13823	3.10247	3.10675	3.19465	3.12383	3.3108	3.16974	3.11484	3.10234	3.10216	3.13676	3.23176

MM_ikj	0.411205	0.402778	0.43857	0.466059	0.403596	0.402285	0.40234	0.402316	0.402349	0.402367	0.402386	0.402377	0.415088	0.40819	0.418666	0.401984

MM_B_ijk	2.18525	1.77588	1.76525	1.78791	1.73998	1.74939	1.80518	1.80896	1.76413	1.76897	1.74886	1.75934	2.20004	1.73591	1.78951	1.7396

Evaluation : N=132, type=float
MM_ijk	3.72187	3.73699	3.27001	2.87302	2.88257	2.82456	2.77289	3.26342	3.01703	2.6982	2.70802	2.71039	2.76617	3.08834	3.76776	3.3552

MM_ikj	0.419169	0.419276	0.426264	0.6134	0.450493	0.688461	0.657807	0.533355	0.65692	0.518946	0.458992	0.519807	0.441981	0.456159	0.443873	0.485086

MM_B_ijk	1.88661	1.8693	2.10964	1.98692	1.77619	1.82154	1.77738	1.74151	1.74406	1.96895	1.7674	1.75302	1.80197	2.47828	1.86401	1.83907

