Evaluation : N=212, type=float
MM_ijk	3.72759	3.63288	3.63843	3.69416	3.60306	3.64948	3.62412	3.63563	3.64463	3.17787	3.03898	3.04741	3.03104	3.05629	3.02646	3.04132

MM_ikj	0.344847	0.360592	0.354039	0.345049	0.350044	0.370704	0.351887	0.360277	0.34496	0.346914	0.344491	0.344231	0.346273	0.353312	0.344215	0.360714

MM_B_ijk	1.55501	1.55714	1.55077	1.55601	1.54579	1.57933	1.54597	1.54291	1.5319	1.57192	1.54459	1.52731	1.57629	1.54499	1.52751	1.56939

Evaluation : N=212, type=float
MM_ijk	3.78443	3.65393	3.60287	3.7458	3.6676	3.65695	3.59419	3.70347	3.15724	3.08772	3.03752	3.06134	3.01642	3.0705	3.05935	3.04926

MM_ikj	0.347001	0.359543	0.356538	0.36084	0.344853	0.3473	0.344235	0.345977	0.344394	0.344139	0.345854	0.344255	0.352967	0.355369	0.349973	0.371046

MM_B_ijk	1.55043	1.54791	1.55363	1.54999	1.57077	1.56334	1.55447	1.53914	1.5453	1.56961	1.54374	1.54105	1.58203	1.52755	1.55144	1.57528

Evaluation : N=212, type=float
MM_ijk	3.7285	3.63056	3.63181	3.63459	3.64909	3.63897	3.63149	3.59486	3.88308	3.13011	3.05431	3.01805	3.05069	3.0175	3.03474	3.04802

MM_ikj	0.346751	0.349531	0.346843	0.346881	0.346935	0.345638	0.358373	0.355705	0.34632	0.350621	0.37224	0.348839	0.359654	0.346377	0.349028	0.345784

MM_B_ijk	1.53996	1.56564	1.5432	1.54692	1.59881	1.5442	1.53686	1.57412	1.57632	1.53	1.56782	1.55614	1.52941	1.55912	1.56021	1.52929

