Evaluation : N=144, type=float
MM_ijk	3.4653	3.29364	3.51605	3.39856	3.34793	3.39863	3.3602	3.58221	3.299	3.30138	3.32269	3.44704	3.38837	3.4015	2.85079	2.86325

MM_ikj	0.359663	0.370513	0.372893	0.36594	0.407385	0.387819	0.349661	0.392489	0.358307	0.389215	0.35305	0.347656	0.373739	0.347564	0.347552	0.347559

MM_B_ijk	1.78233	1.78601	1.78213	1.83055	1.84892	2.02005	1.84494	1.7821	1.79287	1.78755	1.7821	1.78524	1.81246	1.81206	1.88103	1.82106

Evaluation : N=144, type=float
MM_ijk	3.60579	3.42658	3.42364	3.47564	3.55881	3.43068	3.49174	3.46832	3.82027	3.46066	3.42191	3.46647	3.84999	3.49802	3.42357	3.45951

MM_ikj	0.399498	0.398699	0.399147	0.39912	0.433775	0.396276	0.411223	0.419092	0.437375	0.437494	0.403553	0.404583	0.420117	0.435467	0.399822	0.398947

MM_B_ijk	2.04628	2.05119	1.98228	1.97305	2.0075	2.10171	2.09723	1.97304	1.97908	1.97305	1.93592	1.94275	1.91773	2.03587	2.03249	1.97311

Evaluation : N=144, type=float
MM_ijk	3.64203	3.53652	3.40993	3.38014	3.41753	3.34733	3.39822	3.29128	3.31004	3.33356	3.37702	3.32037	3.4557	3.30071	3.3079	3.43738

MM_ikj	0.416933	0.415071	0.415417	0.415419	0.441729	0.415413	0.426878	0.415712	0.415665	0.415415	0.415356	0.415406	0.415427	0.422709	0.415421	0.415379

MM_B_ijk	2.14228	2.17084	2.26359	2.2058	2.12483	2.13377	2.13231	2.54342	2.76617	2.47776	2.6785	2.18554	2.15017	2.12482	2.22088	2.17704

