Evaluation : N=111, type=float
MM_ijk	3.63841	3.48147	3.49552	3.54812	3.53463	3.87682	3.65679	3.62502	3.48291	3.56268	3.48279	3.49674	3.54948	3.53145	3.52679	3.70982

MM_ikj	2.43817	2.39769	2.36302	2.36276	2.38454	2.36281	2.36283	2.3976	2.36289	2.43209	2.38	2.41321	2.51848	2.44239	2.46987	2.46221

MM_B_ijk	2.59932	1.91655	1.95048	1.91632	1.91611	1.93023	1.91696	1.91607	1.91609	2.0009	2.01423	2.02282	2.07264	2.00561	2.04177	1.94011

Evaluation : N=111, type=float
MM_ijk	4.80055	4.4116	4.33699	3.91184	4.658	5.85556	4.89435	4.67264	4.87539	4.59799	4.30435	4.27268	4.59051	4.37802	4.1052	3.76924

MM_ikj	2.61637	3.0943	3.34587	3.65199	2.73539	2.89097	3.11367	2.76868	2.60507	2.53681	2.87704	3.55086	2.57614	2.4688	2.54622	2.63767

MM_B_ijk	2.59171	2.60231	2.39033	2.18127	2.09336	2.09157	2.21952	2.99471	2.90819	2.24818	2.14609	2.02221	2.67094	2.71921	3.49184	3.50384

Evaluation : N=111, type=float
MM_ijk	3.65825	4.4355	3.66703	3.79208	4.55311	4.30582	4.66608	3.48109	4.28819	3.93724	3.81034	3.59329	4.54759	4.49358	3.93191	4.2299

MM_ikj	2.87311	2.83235	2.36272	2.42959	3.06318	2.73544	3.15944	2.72946	2.66517	2.67187	2.4308	2.18842	2.19868	2.12905	2.10988	2.10963

MM_B_ijk	1.75843	1.71067	1.74642	1.65104	1.73142	1.6517	1.65172	1.69639	2.24956	1.83967	1.81069	1.8041	1.65207	1.65191	1.65161	1.65896

