Evaluation : N=145, type=float
MM_ijk	3.80307	3.66525	3.56608	3.55907	3.68433	3.68702	3.53964	3.53589	3.62154	3.7261	3.39688	3.06275	3.18782	3.14444	2.99471	2.96871

MM_ikj	1.876	1.86965	1.92065	2.06308	1.94088	1.95973	1.8797	1.86982	1.8763	1.89176	1.91711	2.07827	1.93598	1.89633	1.87866	1.87514

MM_B_ijk	1.52341	1.5544	1.58959	1.82178	1.56396	1.61018	1.52181	1.5331	1.52183	1.53364	1.52278	1.58636	1.55683	1.87476	1.57604	1.53381

Evaluation : N=145, type=float
MM_ijk	3.85815	3.91865	3.96899	3.78819	3.71748	3.90607	3.70202	3.7326	3.7742	3.80652	3.71175	4.00511	3.73286	3.73468	3.67846	3.70173

MM_ikj	2.32772	2.44532	2.37428	2.32185	2.31848	2.35271	2.32252	2.38924	2.39689	2.31922	2.32197	2.16731	2.08482	2.01086	2.10621	1.96532

MM_B_ijk	1.70323	1.60455	1.56493	1.5262	1.55351	1.5255	1.54831	1.59607	2.00659	1.77463	1.54938	1.52249	1.52727	1.52551	1.56047	1.52942

Evaluation : N=145, type=float
MM_ijk	3.78279	3.97295	3.81319	3.76378	3.69672	3.92251	3.77519	3.77588	3.69421	3.90068	3.896	3.69499	3.70868	3.88776	3.67832	3.68819

MM_ikj	2.36974	2.59564	2.39921	2.31962	2.32512	2.34578	2.35766	2.55471	2.41008	2.33643	2.06552	2.02195	2.00046	2.033	2.13326	1.90896

MM_B_ijk	1.55127	1.52286	1.53184	1.63416	1.53424	1.52184	1.58389	1.91802	1.62407	1.57509	1.52185	1.52966	1.52564	1.5521	1.52618	1.55935

