Evaluation : N=58, type=float
MM_ijk	4.04689	3.33542	4.6453	4.26363	4.31972	2.89633	2.89425	2.88902	2.97192	2.89374	2.8909	2.93465	2.89792	2.90155	3.00296	3.96544

MM_ikj	1.89522	1.69354	1.68438	1.68697	1.72401	2.92595	2.99903	2.92707	3.08269	2.99883	2.83039	2.88812	2.93342	2.89055	2.99799	2.96936

MM_B_ijk	3.48564	3.47797	3.29917	3.4298	2.01564	1.97395	2.286	2.05467	1.91561	2.10594	1.97486	1.94259	1.91767	2.11934	1.95907	1.92294

Evaluation : N=58, type=float
MM_ijk	5.00685	2.94892	2.922	2.92597	2.97653	2.97526	3.34318	2.98536	4.50788	2.90463	4.90821	2.91368	3.05245	2.94502	3.17014	3.2201

MM_ikj	1.69212	1.6772	1.67674	1.67682	1.67698	1.67686	1.67668	1.93509	1.67885	1.67747	1.67662	1.67681	1.67694	1.67685	1.67662	1.67663

MM_B_ijk	1.91838	6.91819	1.91444	1.91267	1.91401	1.91473	1.91425	1.91425	1.91558	3.60786	1.91424	1.91478	1.91572	2.04835	1.91462	1.91482

Evaluation : N=58, type=float
MM_ijk	3.22531	2.89061	2.88548	2.89037	2.8845	2.89001	2.88556	2.8903	2.88455	2.88997	2.88579	2.8903	2.88513	2.88998	2.88575	3.1485

MM_ikj	1.7872	1.67708	1.67663	1.67662	1.67682	1.67697	1.67682	1.67663	1.67664	1.67685	1.67696	1.67681	1.6766	1.67664	1.67685	1.67695

MM_B_ijk	1.96015	1.91214	1.91355	1.91317	1.91242	1.91194	1.91301	1.9128	2.04569	1.91297	1.91213	1.91266	1.91345	1.91262	1.91225	1.9124

