Evaluation : N=320, type=float
MM_ijk	4.11158	4.06461	3.46462	3.3008	3.2745	3.28658	3.27248	3.2803	3.28156	3.27063	3.28527	3.27115	3.27547	3.3377	3.2613	3.26071

MM_ikj	0.417534	0.410212	0.411711	0.41848	0.410026	0.412093	0.416443	0.411428	0.409732	0.415777	0.415013	0.409416	0.411732	0.4194	0.410164	0.412412

MM_B_ijk	1.80076	1.79974	1.79684	1.80702	1.79967	1.80016	1.8137	1.81997	1.7974	1.80632	1.80404	1.79568	1.80952	1.81132	1.7987	1.7959

Evaluation : N=320, type=float
MM_ijk	4.13726	4.0696	3.47229	3.25984	3.27741	3.28389	3.26913	3.32063	3.36203	3.36202	3.26625	3.26009	3.26376	3.2712	3.26148	3.2676

MM_ikj	0.415017	0.411723	0.413003	0.422299	0.409935	0.415378	0.418022	0.413724	0.41657	0.416576	0.415244	0.422514	0.412901	0.422272	0.409918	0.415213

MM_B_ijk	1.8126	1.80602	1.81469	1.81065	1.80728	1.8046	1.8107	1.80999	1.80482	1.80531	1.81417	1.85127	1.81591	1.81902	1.80917	1.81092

