Evaluation : N=51, type=float
MM_ijk	3.10096	2.69443	2.69664	2.69509	2.69708	2.96483	2.69421	2.69537	2.69531	2.69295	2.69449	2.69641	2.69584	2.69335	2.692	2.69362

MM_ikj	2.12259	2.12082	2.1205	2.1209	2.12105	2.12069	2.12059	2.12102	2.12096	2.12053	2.12073	2.12105	2.12084	2.12052	2.12081	2.12107

MM_B_ijk	1.85169	1.84327	2.12265	1.95627	2.2058	1.88806	1.8429	1.84218	1.84169	1.84268	1.84262	1.84324	1.84244	1.8425	1.84257	1.84242

Evaluation : N=51, type=float
MM_ijk	3.23069	2.80635	2.80924	2.81806	2.81509	2.85858	3.26258	3.89996	3.55973	4.01156	4.14261	4.29908	4.19249	4.20209	4.13484	3.73088

MM_ikj	3.5473	3.25872	3.77328	3.66873	3.15971	3.39505	3.31843	3.00633	3.76069	3.12533	3.04184	3.10602	3.9708	3.20767	2.89001	2.29155

MM_B_ijk	2.99798	2.49399	2.34051	1.92363	1.94242	1.91498	1.91634	1.92785	1.95766	2.52018	1.92829	1.94308	1.93821	1.93248	1.97069	1.9895

Evaluation : N=51, type=float
MM_ijk	3.21675	2.80382	2.80664	2.80321	2.80187	3.09943	2.80345	2.80353	2.80581	2.80654	2.80333	2.80373	2.80607	2.80566	2.80278	2.80309

MM_ikj	2.20674	2.20597	2.20532	2.20589	2.20561	2.20543	2.20601	2.2053	2.20595	2.20563	2.20542	2.20581	2.20522	2.20572	2.20552	2.2053

MM_B_ijk	1.92473	2.09519	1.91542	1.91653	1.91633	1.91661	1.91478	1.91589	1.91625	1.91548	1.91509	1.91638	1.91649	1.91598	1.91619	1.91726

