Evaluation : N=60, type=float
MM_ijk	4.53014	3.79441	3.80512	3.79213	3.80704	3.8045	3.7942	3.80256	3.79729	3.80459	3.83916	4.11898	3.8152	3.81643	3.97668	3.73531

MM_ikj	0.855199	0.850727	0.853634	0.847264	0.854102	0.840986	0.854023	0.738898	0.856366	0.801986	0.856759	0.859505	0.740486	0.845847	0.84569	0.841449

MM_B_ijk	3.23711	3.24548	3.28495	3.37442	3.23911	3.27326	3.24542	3.25712	3.25943	3.37095	3.20199	3.12983	3.11144	3.18221	3.10747	3.12432

Evaluation : N=60, type=float
MM_ijk	3.30766	2.83019	2.83154	2.83063	2.83188	2.83049	2.83159	2.83023	2.82969	2.83165	2.97994	2.83075	2.83032	2.83239	2.83064	2.83248

MM_ikj	0.457958	0.457431	0.45656	0.456412	0.456426	0.456505	0.456278	0.45625	0.456287	0.456324	0.456449	0.456412	0.456296	0.456167	0.456204	0.456472

MM_B_ijk	1.94201	1.93994	1.93905	1.94025	1.9389	1.93895	1.93847	1.9387	1.93844	2.21775	2.21122	1.93887	1.93881	1.93781	1.93881	2.36331

Evaluation : N=60, type=float
MM_ijk	3.17532	2.68962	2.68759	2.68681	2.68842	2.68727	2.68801	2.68818	2.68691	2.68724	2.68805	2.68869	2.68847	2.68776	2.68669	2.90068

MM_ikj	0.440722	0.438912	0.634292	0.46188	0.438653	0.438866	0.438949	0.438958	0.438931	0.438838	0.438856	0.438875	0.438792	0.438912	0.438875	0.438949

MM_B_ijk	1.86858	1.86465	1.86496	1.8652	1.86519	1.86491	1.86461	1.86426	1.86405	1.86535	1.90319	1.86473	1.86457	1.90992	2.27901	1.87784

