Evaluation : N=62, type=float
MM_ijk	3.30783	3.30702	3.00367	2.94062	2.9067	3.23882	2.98455	2.78426	3.0384	2.96386	3.25878	2.78409	2.78427	2.78275	2.78471	2.78465

MM_ikj	1.613	1.60943	1.60885	1.769	1.61157	1.60882	1.60901	1.60898	1.60888	1.6091	1.60877	1.60917	1.60875	1.60915	1.6088	1.60906

MM_B_ijk	1.87043	1.86657	1.86695	1.86652	1.86712	1.86749	1.86725	1.86592	1.86612	2.15394	1.86701	1.86814	1.86752	1.8674	1.8674	1.86755

Evaluation : N=62, type=float
MM_ijk	3.18293	2.89877	2.89929	2.89621	2.97641	2.78415	3.4608	4.44758	2.68079	2.68178	2.68137	3.06113	2.68162	2.82083	2.79296	2.72263

MM_ikj	1.55118	1.54984	1.54921	1.54942	1.5495	1.62773	1.54946	1.66504	1.54936	1.60494	1.58609	1.54945	1.54948	1.54924	1.54932	1.54954

MM_B_ijk	1.8007	1.79786	2.17773	1.84015	3.03189	3.3095	3.37727	3.1677	3.14298	3.22648	3.51639	3.29112	2.84399	2.05615	1.90766	1.92226

Evaluation : N=62, type=float
MM_ijk	3.22773	2.93995	2.94001	2.94041	2.93929	3.01191	2.83463	2.83473	2.83472	3.21105	2.85532	2.6816	2.68151	2.79355	2.58549	2.58534

MM_ikj	1.49528	1.49444	1.72088	1.54924	1.57981	1.54938	1.54921	1.54941	1.54951	1.54926	1.54927	1.5495	1.64468	1.54936	1.54952	1.5493

MM_B_ijk	1.80091	1.79944	1.79861	1.79845	1.79836	1.79901	1.79968	1.79874	1.7975	1.79884	1.79832	1.79832	1.86583	2.17146	1.81901	1.82484

