Evaluation : N=79, type=float
MM_ijk	3.20092	3.00411	3.0418	2.97023	2.89275	2.89077	2.89252	2.89137	2.90163	3.05575	2.99223	2.7881	2.78821	2.80507	2.80881	2.78863

MM_ikj	2.15513	2.18483	2.43196	2.21038	2.26666	2.12188	2.14516	2.65714	2.24806	2.16925	2.16694	2.16902	2.17927	2.0916	2.09155	2.09158

MM_B_ijk	1.9734	1.6582	1.65858	1.65771	1.71977	1.60391	1.60378	1.60374	1.60393	1.6034	1.60408	1.65116	1.71747	1.60428	1.60336	1.78774

Evaluation : N=79, type=float
MM_ijk	3.63921	3.575	3.27901	4.42461	3.80004	4.48544	4.45634	4.44437	4.65081	4.56661	4.54565	4.4693	4.61845	4.9426	4.44078	3.61669

MM_ikj	2.67897	3.70776	2.80666	2.69679	2.53747	2.65552	2.70915	2.55912	2.64781	2.68543	2.56262	2.54261	2.54945	2.60927	3.12605	3.52421

MM_B_ijk	2.29848	2.2359	2.39684	2.71353	2.60846	2.21593	2.68611	2.21939	2.10716	2.29895	3.10756	2.00483	2.00353	2.11038	2.44923	2.1658

Evaluation : N=79, type=float
MM_ijk	3.22054	3.00345	3.33108	3.29194	3.75387	3.21913	3.08228	3.03737	2.97399	3.09117	2.89109	2.95705	2.7884	2.78999	2.90487	2.78622

MM_ikj	2.17981	2.1786	2.17837	2.17849	2.1785	2.22902	2.16921	2.16883	2.16897	2.2241	2.09485	2.09415	2.21021	2.16635	2.34254	2.1667

MM_B_ijk	1.71975	1.97711	1.65739	1.65786	1.67312	1.65838	1.65857	1.70292	1.95724	1.65971	1.82384	2.77678	2.07047	1.77542	1.75405	1.70397

