Evaluation : N=210, type=float
MM_ijk	3.81367	3.56268	3.55032	3.57995	3.60054	3.53548	3.57879	3.57139	3.58061	3.47207	3.28052	3.24216	3.18276	3.22663	3.24317	3.18224

MM_ikj	1.53431	1.43106	1.4324	1.50654	1.44084	1.43442	1.44926	1.49206	1.42699	1.44452	1.50836	1.43136	1.43095	1.50214	1.4493	1.43274

MM_B_ijk	1.63881	1.56357	1.53421	1.54585	1.64667	1.53192	1.55641	1.65381	1.52599	1.57093	1.65821	1.52572	1.55055	1.65646	1.52984	1.54443

Evaluation : N=210, type=float
MM_ijk	3.89882	3.57385	3.42325	3.28703	3.30434	3.21846	3.23311	3.1861	3.23372	3.23907	3.21275	3.23694	3.23264	3.18773	3.24748	3.84249

MM_ikj	2.37202	1.60254	1.60184	1.54215	1.49094	1.51674	1.43276	1.44258	1.46772	1.43526	2.00935	2.31433	2.35791	2.12955	2.26115	2.31134

MM_B_ijk	1.75771	1.54579	1.56706	1.52749	1.5456	1.55298	1.53811	1.53153	1.56659	1.53755	1.53491	1.56123	1.53865	1.53263	1.54835	1.56005

Evaluation : N=210, type=float
MM_ijk	4.08285	4.01866	4.00704	4.03708	4.01025	4.00068	3.99923	3.88252	3.33302	3.20122	3.23854	3.2088	3.21425	3.23672	3.19766	3.22287

MM_ikj	1.44302	1.51225	1.42697	1.44328	1.50398	1.43629	1.43104	1.49759	1.45189	1.43003	1.44424	1.50859	1.42702	1.44218	1.50472	1.43779

MM_B_ijk	1.53243	1.65244	1.54722	1.54925	1.63107	1.55391	1.53655	1.63354	1.56269	1.53418	1.60292	1.60929	1.52583	1.5627	1.64906	1.53372

