Evaluation : N=222, type=float
MM_ijk	4.00037	3.86114	3.86064	3.90091	3.85909	3.83479	3.76794	3.27773	3.28829	3.24744	3.23097	3.21456	3.23813	3.23694	3.24005	3.21322

MM_ikj	1.44685	1.43079	1.43561	1.44489	1.43332	1.4473	1.43057	1.43242	1.45619	1.42264	1.43286	1.45557	1.45891	1.43225	1.46316	1.42438

MM_B_ijk	1.54451	1.56733	1.54804	1.55874	1.54064	1.54044	1.56799	1.54015	1.54532	1.56791	1.53175	1.56556	1.54045	1.54037	1.57117	1.52929

Evaluation : N=222, type=float
MM_ijk	4.08686	4.01039	4.04159	4.01311	4.02246	4.0112	3.83008	3.30867	3.24113	3.23652	3.20417	3.23605	3.23054	3.24206	3.22879	3.21241

MM_ikj	1.45795	1.4234	1.43034	1.46053	1.42853	1.42543	1.45571	1.42187	1.45031	1.43916	1.42161	1.45852	1.43426	1.43138	1.45049	1.95579

MM_B_ijk	2.72734	2.49577	1.56139	1.53186	1.54046	1.56306	1.55663	1.57802	1.53977	1.54801	1.56112	1.53193	1.59889	1.55206	1.53272	1.56799

Evaluation : N=222, type=float
MM_ijk	4.1002	4.02618	4.09747	4.03577	4.03809	4.03778	4.03181	3.72261	3.2586	3.24507	3.22698	3.25227	3.26284	3.26684	3.25126	3.21885

MM_ikj	1.49892	1.42421	1.4326	1.50205	1.4242	1.43708	1.50259	1.42054	1.48195	1.45405	1.42643	1.49029	1.44962	1.43454	1.51146	1.44274

MM_B_ijk	1.54459	1.64125	1.53133	1.62733	1.5627	1.54653	1.64707	1.53029	1.55643	1.63661	1.53619	1.62881	1.55954	1.54718	1.64217	1.53173

