Evaluation : N=285, type=float
MM_ijk	4.18668	3.68326	3.34039	3.32469	3.3237	3.30458	3.33128	3.31815	3.30605	3.3203	3.32625	3.30575	3.3214	3.32974	3.3131	3.30891

MM_ikj	1.86382	1.86882	1.86593	1.87066	1.87069	2.02751	1.87772	1.88072	1.87076	1.86678	1.86849	1.84607	1.84183	2.57665	3.31663	3.63092

MM_B_ijk	3.61584	3.52421	3.49838	3.50317	3.56086	3.66323	3.26861	1.99459	1.88732	1.969	1.99455	1.96121	1.90012	1.85202	1.93248	2.00315

Evaluation : N=285, type=float
MM_ijk	3.76177	3.34737	3.30514	3.3117	3.2959	3.31111	3.3071	3.30141	3.30138	3.30901	3.30423	3.29937	3.30253	3.30758	3.36594	3.32058

MM_ikj	1.86703	1.86747	1.88583	1.86992	1.86631	1.86967	1.86745	1.8662	1.86282	1.86342	2.06939	1.99534	2.10744	2.1435	1.90107	1.8679

MM_B_ijk	1.5785	1.55468	1.56322	1.55108	1.58697	1.59106	1.57701	1.55	1.58717	1.58987	1.59126	1.59046	1.54625	1.59006	1.58314	1.58987

