Evaluation : N=295, type=float
MM_ijk	4.18543	3.92008	3.31639	3.30552	4.12831	4.58597	4.46833	4.35173	3.71665	3.43055	3.35253	3.38986	3.39283	3.41653	4.27015	4.45091

MM_ikj	2.41366	2.15373	2.33447	2.01225	1.93378	1.89761	2.00547	1.96407	1.90518	1.85382	1.85673	1.85881	1.85953	1.86318	1.85733	1.85516

MM_B_ijk	1.56658	1.619	1.57694	1.56238	1.55872	1.55352	1.55615	1.56621	1.55869	1.55267	1.64075	1.91147	1.65464	1.56496	1.58082	1.57763

Evaluation : N=295, type=float
MM_ijk	4.1828	4.15243	4.04932	4.0735	3.56402	3.32806	3.32622	3.31096	3.31609	3.312	3.31357	3.32671	3.30354	3.31096	3.30718	3.31988

MM_ikj	1.82962	1.83684	1.83814	1.84276	1.86088	1.84167	1.83692	1.83626	1.83781	1.84787	1.84161	1.83659	1.8433	1.83564	1.83604	1.83556

MM_B_ijk	1.5577	1.5493	2.3642	1.70041	1.55906	1.56615	1.54783	1.53916	1.57456	1.57504	1.58516	1.58749	1.58159	1.57971	1.58471	1.57571

