Evaluation : N=136, type=float
MM_ijk	3.46001	3.38593	3.13489	3.14852	3.14335	3.16749	3.25226	3.22235	3.13273	3.14247	3.12389	3.17014	3.23942	3.20055	3.13582	3.13686

MM_ikj	0.401146	0.400808	0.401531	0.423378	0.524221	0.458525	0.431399	0.474267	0.400768	0.401216	0.401605	0.40271	0.401769	0.434768	0.417486	0.411399

MM_B_ijk	1.80173	1.82793	1.74411	1.75009	1.74392	1.74881	1.7439	1.8066	1.74383	1.84956	1.83872	1.83972	1.78209	1.75098	1.74395	1.74825

Evaluation : N=136, type=float
MM_ijk	3.50706	3.38134	3.44628	3.44348	3.40836	3.39033	3.41628	3.3957	3.54393	3.38699	3.38136	3.38725	3.42074	3.45565	3.56341	3.58155

MM_ikj	0.454354	0.432838	0.433738	0.433671	0.433733	0.433712	0.433724	0.43368	0.442331	0.434666	0.433921	0.433956	0.433781	0.433871	0.433861	0.435172

MM_B_ijk	1.9755	1.9318	1.93914	1.8965	1.8844	1.94305	1.8841	1.89471	1.9714	1.91733	1.9646	1.99759	1.88486	1.89702	1.88368	1.89221

Evaluation : N=136, type=float
MM_ijk	3.94787	3.77556	3.6517	3.61325	3.74977	3.69316	3.52505	3.52148	3.57879	3.57553	3.65989	3.64339	3.84163	3.57044	3.53636	3.65563

MM_ikj	0.453985	0.451178	0.451833	0.451734	0.454539	0.453151	0.459184	0.452269	0.451798	0.45184	0.451891	0.451862	0.451879	0.451852	0.502281	0.451674

MM_B_ijk	1.9623	2.14854	2.1627	2.05005	2.05719	1.9621	1.96684	1.96196	2.01621	1.96692	2.00292	1.94066	1.78728	1.71905	1.7002	1.68173

