Evaluation : N=215, type=float
MM_ijk	4.02639	4.01342	3.96477	4.00364	3.58158	3.18846	3.17915	3.20759	3.19272	3.19314	3.18659	3.24212	3.16386	3.18278	3.19951	3.18185

MM_ikj	1.84975	1.84388	1.87483	1.83848	1.86644	1.85786	1.84825	1.87355	1.8382	1.87778	1.83964	1.84813	1.87696	1.84378	1.87203	1.83767

MM_B_ijk	1.53812	1.56805	1.53537	1.53634	1.56303	1.54849	1.61978	1.57117	1.52563	1.56348	1.56238	1.53407	1.55229	1.56438	1.52841	1.56468

Evaluation : N=215, type=float
MM_ijk	3.85129	3.68392	3.64706	3.72638	3.67452	3.68662	3.66817	3.68932	3.47771	3.20186	3.19943	3.1656	3.21275	3.2253	3.18413	3.17841

MM_ikj	1.87136	1.85082	1.85461	1.88778	1.85296	1.87545	1.85118	1.85561	1.87783	1.84299	1.89093	1.83932	1.87205	1.86384	1.85267	1.87571

MM_B_ijk	1.52559	1.54749	1.57497	1.53191	1.54594	1.57047	1.52575	1.54756	1.56893	1.53096	1.54426	1.57364	1.53722	1.56324	1.55711	1.53682

Evaluation : N=215, type=float
MM_ijk	4.06288	3.99384	3.99226	4.00832	3.98151	3.97145	3.95611	3.98516	3.51595	3.21725	3.16497	3.21684	3.22896	3.24629	3.19685	3.21753

MM_ikj	1.85377	1.93118	1.84437	1.92572	1.86125	1.86151	1.94539	1.85146	1.93211	1.83835	1.92004	1.87195	1.851	1.94294	1.83893	1.93633

MM_B_ijk	1.54306	1.5354	1.65557	1.54833	1.54359	1.65542	1.53011	1.5424	1.65443	1.52999	1.55659	1.64529	1.53131	1.58018	1.62143	1.52554

