Evaluation : N=48, type=float
MM_ijk	7.26599	6.22078	6.2222	6.22231	6.22267	6.22382	6.22278	6.7353	6.2256	6.22083	6.21984	6.2181	7.11527	6.22307	6.22371	6.22201

MM_ikj	1.07837	1.07275	1.06994	1.07042	1.07059	1.07005	1.07067	1.06982	1.07095	1.07026	1.07033	1.07001	1.06991	1.07066	1.06992	1.07548

MM_B_ijk	4.27926	5.37165	4.26526	4.26591	4.5441	4.74142	4.29063	4.27795	4.30817	4.32511	4.95167	4.57785	5.10358	5.09378	4.58963	4.4151

Evaluation : N=48, type=float
MM_ijk	3.13489	2.70139	2.70046	2.70146	2.69999	2.70193	2.70081	2.70098	2.70064	2.70128	2.70116	2.70093	2.70114	2.70123	2.70082	2.70152

MM_ikj	0.456588	0.452592	0.453306	0.452953	0.452537	0.45336	0.452429	0.453089	0.795663	0.453631	0.45223	0.453107	0.452519	0.452827	0.453071	0.452402

MM_B_ijk	1.8099	1.80594	1.80615	1.80639	1.80615	1.80618	1.80655	1.8056	1.80679	1.80604	2.07386	1.73935	1.73882	1.73948	1.73853	1.7392

Evaluation : N=48, type=float
MM_ijk	3.20591	2.73753	2.73722	2.73739	2.73728	2.7378	2.73724	2.73728	2.7372	2.7375	2.73717	2.73779	2.73765	3.03259	2.73828	2.73774

MM_ikj	0.475848	0.4712	0.470947	0.470622	0.471454	0.470558	0.470929	0.471282	0.470567	0.471291	0.471146	0.470549	0.471363	0.47073	0.470857	0.471228

MM_B_ijk	1.88114	1.87737	1.8761	1.87675	1.87581	1.87612	1.877	1.87585	1.87671	1.87627	1.87667	1.87614	1.87561	1.8775	1.87592	1.87673

