Evaluation : N=19, type=float
MM_ijk	4.65578	2.14229	2.15352	2.14229	2.15235	2.15148	2.14783	2.15279	2.15192	2.15075	2.14434	2.14536	2.14944	2.14711	2.14944	2.14375

MM_ikj	2.31491	2.27351	2.26083	2.26462	2.26841	2.26534	2.26112	2.26112	2.26534	2.26914	2.26491	2.26024	2.26141	2.26607	2.26855	2.26418

MM_B_ijk	2.14375	2.05044	2.02493	2.0293	2.00904	2.0105	2.01662	2.01997	2.01429	2.0105	2.01021	2.01429	2.01137	2.01385	2.01021	2.00714

Evaluation : N=19, type=float
MM_ijk	5.05394	2.23473	2.23196	2.22438	2.22933	2.22088	2.25922	2.23108	2.22817	2.22234	2.2305	2.23283	2.23531	2.22729	2.22525	2.22933

MM_ikj	2.33824	2.3085	2.305	2.31142	2.30675	2.30208	2.30223	2.30763	2.31025	2.30675	2.30048	2.30354	2.30733	2.30908	2.30471	2.29567

MM_B_ijk	2.25062	2.14375	2.11255	9.52034	2.1006	2.09929	2.09025	2.12874	2.09681	2.10555	2.10045	2.08879	2.10439	2.10585	2.09462	2.10337

Evaluation : N=19, type=float
MM_ijk	6.68057	3.10031	3.10526	3.11109	3.08995	3.09783	3.10803	3.09185	3.10308	3.09987	3.10016	3.08966	3.10555	3.10162	3.09724	3.08806

MM_ikj	3.33226	3.28459	3.27526	3.26811	3.27088	3.27847	3.26899	3.26928	3.27613	3.2738	3.26549	3.27497	3.27555	3.26914	3.26943	3.27876

MM_B_ijk	3.09987	2.95655	2.93658	2.90611	2.91777	2.91602	2.90596	2.90538	2.91019	2.91282	2.90713	2.90071	2.91019	2.90932	2.89955	2.89838

