Evaluation : N=69, type=float
MM_ijk	3.11257	2.91165	2.74224	2.9179	2.94243	2.64025	2.63671	2.73413	2.53811	2.54763	2.91496	2.45819	2.45446	2.52958	3.52998	3.0132

MM_ikj	1.9368	2.16168	1.97955	1.94284	2.08351	1.9996	1.99327	1.98747	2.21545	2.13916	2.6733	3.22355	3.95972	4.07299	3.84004	3.89139

MM_B_ijk	3.20589	3.34826	3.18962	3.00873	3.00184	3.04432	3.04474	2.96502	3.01644	3.02148	3.18891	2.9904	3.04455	3.04237	3.08714	3.04366

Evaluation : N=69, type=float
MM_ijk	3.10732	2.94335	2.73989	2.98166	3.30141	3.78898	2.99861	3.40694	2.87015	3.00912	2.82855	2.83712	2.78575	2.94343	3.74915	3.8134

MM_ikj	2.54949	2.95244	2.25105	2.20054	2.28563	2.52742	3.46146	3.39399	3.63792	3.70703	3.57655	2.43662	3.37757	3.24421	2.55937	2.21984

MM_B_ijk	2.05637	1.93467	1.97795	1.95323	2.04666	2.01068	1.94838	1.92166	1.89712	1.89628	2.25031	2.11045	1.89735	2.02425	1.89816	1.89663

Evaluation : N=69, type=float
MM_ijk	3.14651	2.85027	2.85017	2.94725	2.84912	2.84563	3.82663	3.7218	3.02276	3.05572	2.90024	2.86473	3.09054	2.89385	3.18705	2.95747

MM_ikj	2.2136	2.21115	2.21119	2.21127	2.21101	2.21127	2.21108	2.32629	2.21102	2.4709	2.21108	2.21116	2.21123	2.21103	2.2113	2.21107

MM_B_ijk	1.89785	1.89562	1.89521	1.9842	1.95877	1.89448	1.89489	1.8944	1.89442	1.89427	1.89441	1.89466	1.89428	1.89521	1.89484	1.89466

