Evaluation : N=178, type=float
MM_ijk	3.85325	3.75193	3.76717	3.75741	3.75508	3.78222	3.78236	3.76703	3.73255	3.86223	3.73152	3.80309	3.72024	3.44946	3.17872	3.12525

MM_ikj	1.50205	1.46091	1.44441	1.44567	1.46293	1.49366	1.46606	1.44897	1.44555	1.46192	1.45117	1.50438	1.44506	1.43443	1.4358	1.45197

MM_B_ijk	1.5797	1.54446	1.5272	1.53988	1.53228	1.55797	1.58234	1.52727	1.5243	1.54158	1.58639	1.58956	1.52993	1.52683	1.52406	1.5488

Evaluation : N=178, type=float
MM_ijk	4.00966	3.90382	3.92099	3.88598	3.91408	3.91139	3.9586	3.88007	3.97137	3.89557	3.9653	3.88142	3.50894	3.20002	3.20178	3.13586

MM_ikj	1.45491	1.46992	1.56755	1.4628	1.44746	1.45494	1.46268	1.53983	1.48669	1.45193	1.43875	1.4524	1.4677	1.55057	1.4908	1.44804

MM_B_ijk	1.53691	1.54169	1.7141	1.54721	1.52522	1.53646	1.5422	1.7186	1.54766	1.52543	1.55356	1.5279	1.70605	1.5691	1.52579	1.53664

Evaluation : N=178, type=float
MM_ijk	3.84506	4.11043	3.78695	3.62727	3.41555	3.40139	3.37278	3.263	3.24767	3.14921	3.17961	3.11617	3.15629	3.16343	3.13185	3.17328

MM_ikj	1.44997	1.45026	1.45368	1.53762	1.59041	1.45851	1.44938	1.52066	1.44768	1.56896	1.47626	1.44493	1.45221	1.45502	1.46811	1.51095

MM_B_ijk	1.52821	1.52404	1.52578	1.55741	1.6017	1.52887	1.53371	1.7003	1.9854	1.6576	2.00985	2.1034	2.41653	2.56497	2.36767	1.95558

