Evaluation : N=202, type=float
MM_ijk	4.08388	3.99672	4.01532	3.98192	3.51154	3.19853	3.17026	3.20297	3.17592	3.19543	3.19442	3.20527	3.18077	3.17554	3.18884	3.1746

MM_ikj	1.46785	1.4304	1.43912	1.44495	1.46484	1.43106	1.45175	1.45619	1.44178	1.43692	1.44369	1.45701	1.43977	1.43821	1.44307	1.46465

MM_B_ijk	1.52796	1.54795	1.54238	1.55292	1.52518	1.54875	1.55771	1.5376	1.53577	1.5402	1.56684	1.52504	1.54996	1.55524	1.54053	1.5437

Evaluation : N=202, type=float
MM_ijk	4.11838	3.94699	4.00277	4.02803	3.97235	3.96034	4.02912	4.03286	3.81929	3.35019	3.19672	3.17094	3.20335	3.16819	3.26302	3.19945

MM_ikj	1.44763	1.43002	1.44197	1.4661	1.46127	1.43546	1.44225	1.47944	1.4337	1.43678	1.44416	1.47591	1.43352	1.44006	1.45696	1.4527

MM_B_ijk	1.52518	1.54038	1.57605	1.53484	1.52607	1.54474	1.58043	1.52516	1.53533	1.5674	1.54663	1.52795	1.54192	1.58314	1.53314	1.53651

Evaluation : N=202, type=float
MM_ijk	4.15059	3.99383	3.96313	4.07738	3.71511	3.24417	3.24582	3.22418	3.17257	3.22596	3.17014	3.27204	3.25961	3.18986	3.22816	3.17428

MM_ikj	1.49805	1.46727	1.44254	1.45257	1.52571	2.00144	1.60087	1.50615	1.47728	1.43184	1.45239	1.54369	1.44953	1.43876	1.444	1.52375

MM_B_ijk	1.53311	1.5356	1.65597	1.55787	1.53914	1.53752	1.69862	1.52644	1.53456	1.66918	1.54276	1.54319	1.54043	1.6418	1.52719	1.54494

