Evaluation : N=99, type=float
MM_ijk	3.43147	3.24106	3.2406	3.39614	3.33469	3.24146	3.29789	3.45734	3.27395	3.41086	3.24089	3.24087	3.26002	3.24067	3.26034	3.2411

MM_ikj	2.29402	2.29387	2.41368	2.2946	2.29387	2.29509	2.36872	2.51801	2.32201	2.3396	2.42058	2.29427	2.29388	2.29383	2.31611	2.29392

MM_B_ijk	1.82124	1.82158	1.82114	1.84124	1.82079	1.81962	1.81993	1.82135	1.84365	1.90967	1.81945	1.82063	1.86019	1.89347	1.93996	1.84101

Evaluation : N=99, type=float
MM_ijk	3.52769	3.36908	3.51105	3.47054	3.41242	3.45798	3.36994	3.39845	3.36493	3.2395	3.40628	3.19079	3.15762	3.35929	3.1193	3.11954

MM_ikj	2.3108	2.44839	2.43752	2.39413	2.46237	2.2655	2.20904	2.22558	2.43903	2.21058	2.17874	2.13011	2.16116	2.13018	2.13007	2.13002

MM_B_ijk	1.69068	1.71692	1.69121	1.68976	1.68821	1.6328	1.68266	1.79106	1.68058	1.74033	1.73969	1.70537	1.74223	1.6313	1.63204	1.6335

Evaluation : N=99, type=float
MM_ijk	3.83174	3.5494	3.40819	3.79794	3.49292	3.31581	3.54992	3.37131	3.28486	3.35162	3.13957	3.18441	3.12098	3.32402	3.24356	3.12033

MM_ikj	2.21716	2.14268	2.32366	2.33843	2.23235	2.30073	2.31233	2.05657	2.05658	2.21383	2.0865	2.05658	2.0382	1.98813	2.06897	2.06813

MM_B_ijk	1.91822	1.63277	1.64111	1.81868	1.78731	1.58312	1.52677	1.52671	1.52782	1.54405	1.63417	2.49536	1.54409	1.75538	1.66806	1.5701

