Evaluation : N=137, type=float
MM_ijk	3.61215	3.42043	3.28079	3.34161	3.25515	3.14877	3.02523	3.04682	3.07371	3.12427	2.95567	2.94204	2.94129	2.96441	2.94041	3.02153

MM_ikj	1.94661	1.99258	1.89591	1.87663	1.90258	1.87642	1.89817	1.93057	1.93395	1.93827	1.87739	1.88015	1.87649	1.88087	1.87663	1.95085

MM_B_ijk	1.52496	1.58383	1.56783	1.55153	1.52432	1.52457	1.53635	1.52432	1.5638	1.52394	1.52754	1.52492	1.58297	1.56887	1.53918	1.535

Evaluation : N=137, type=float
MM_ijk	3.97331	3.59077	3.516	3.43959	3.40476	3.60373	3.39192	3.37641	3.41056	3.37437	3.47025	3.36819	3.38235	3.40217	3.44785	3.44589

MM_ikj	2.16969	2.16306	2.1545	2.16475	2.18755	2.16136	2.24612	2.18283	2.19501	2.16881	2.15445	2.15862	2.1545	2.19386	2.19161	2.23728

MM_B_ijk	1.76752	1.75028	1.75669	1.74988	1.76218	1.74988	1.78737	1.75046	1.81857	1.76816	1.80703	1.75001	1.75713	1.74991	1.75875	1.75002

Evaluation : N=137, type=float
MM_ijk	3.9708	3.75094	3.59906	3.63631	3.71592	3.44501	3.33373	3.27054	3.19223	3.38491	3.05524	3.0471	3.15101	3.23857	3.26186	3.07766

MM_ikj	2.01918	1.91839	1.87645	1.9476	1.87667	2.06453	1.89414	1.98597	1.91742	1.88919	1.96201	1.87742	1.90767	1.87642	1.885	1.88445

MM_B_ijk	1.59541	1.58508	1.53611	1.52447	1.5242	1.52977	1.52668	1.5817	1.52694	1.56452	1.59995	1.63538	1.54082	1.5766	1.53783	1.52395

