Evaluation : N=242, type=float
MM_ijk	4.13046	4.03313	4.10439	4.06617	3.99743	3.35885	3.25395	3.24687	3.2485	3.25504	3.24695	3.24914	3.24506	3.25797	3.24675	3.24553

MM_ikj	1.43754	1.41582	1.4332	1.41777	1.41988	1.43279	1.41968	1.43306	1.41829	1.43027	1.41452	1.43368	1.4162	1.41754	1.43384	1.41818

MM_B_ijk	1.54318	1.53053	1.54337	1.52767	1.56432	1.5305	1.54338	1.52714	1.5509	1.52481	1.54781	1.52873	1.54559	1.53016	1.54576	1.52778

Evaluation : N=242, type=float
MM_ijk	4.15397	4.0841	4.09226	4.06119	3.90468	3.3157	3.28565	3.27593	3.31826	3.27966	3.28265	3.28191	3.26777	3.2827	3.27584	3.27509

MM_ikj	1.41456	1.4746	1.42604	1.45948	1.43727	1.41624	1.47908	1.42436	1.4743	1.41587	1.48104	1.41541	1.45893	1.43524	1.44823	1.44733

MM_B_ijk	1.54457	1.61763	1.54362	1.62444	1.54244	1.622	1.54281	1.60585	1.53265	1.62012	1.55738	1.62043	1.5385	1.62127	1.53689	1.61942

Evaluation : N=242, type=float
MM_ijk	4.14843	4.05439	4.07956	4.14904	4.02745	3.33062	3.25678	3.25288	3.26034	3.25495	3.26331	3.27423	3.26873	3.26546	3.27149	3.27072

MM_ikj	1.49022	1.46886	1.88227	1.46269	1.45792	1.4202	1.52063	1.52163	1.56432	1.49834	1.4433	1.44362	1.4236	1.44073	1.47522	1.5341

MM_B_ijk	1.53766	1.5971	1.52601	1.56331	1.52979	1.57621	1.52946	1.56394	1.52604	1.56196	1.5287	1.55508	1.53309	1.55578	1.53353	1.70361

