Evaluation : N=347, type=float
MM_ijk	4.10807	3.34769	3.35348	3.34262	3.33874	3.34126	3.34308	3.34177	3.35743	3.34264	3.36456	3.34256	3.34512	3.34444	3.35006	3.34374

MM_ikj	1.83304	1.83239	1.82323	1.83252	1.83335	1.82306	1.83131	1.83175	1.82869	1.8244	1.83637	1.83003	1.82688	1.83023	1.83224	1.82242

MM_B_ijk	1.55337	1.54394	1.55923	1.54387	1.55999	1.54766	1.5651	1.55084	1.54273	1.57018	1.54334	1.55056	1.54125	1.54303	1.54735	1.54205

Evaluation : N=347, type=float
MM_ijk	4.06915	3.83802	3.36377	3.35618	3.35951	3.36316	3.35977	3.36473	3.36048	3.36317	3.38541	3.35856	3.39713	3.3525	3.3584	3.35555

MM_ikj	1.85332	2.05076	2.06522	1.86494	1.82248	1.8536	1.84561	1.82464	1.8275	1.83338	1.8302	1.82441	1.8399	1.84669	1.83504	1.85523

MM_B_ijk	1.59052	1.56959	1.57488	1.57925	1.56555	1.59227	1.56181	1.59207	1.5638	1.59043	1.57045	1.59186	1.56872	1.59001	1.56963	1.56843

