Evaluation : N=81, type=float
MM_ijk	3.40668	3.12659	3.13154	3.22121	3.21625	3.47103	3.1481	3.19525	3.42238	3.12873	3.13262	3.15012	3.12702	3.13052	3.1263	3.13133

MM_ikj	2.46975	2.43326	2.43323	2.43326	2.43324	2.4333	2.43325	2.47329	2.58111	2.42014	2.42007	2.42005	2.41998	2.42	2.68372	2.43242

MM_B_ijk	1.91193	1.90783	2.21527	3.30718	1.99388	2.2579	1.92571	1.9197	2.07757	2.06008	2.10035	1.90503	1.90574	1.90493	1.9954	1.90561

Evaluation : N=81, type=float
MM_ijk	4.5606	3.90721	3.59766	3.12978	3.15658	3.56923	3.12835	3.4086	3.12641	3.13098	3.24894	3.28471	3.17132	3.13396	3.12872	3.1332

MM_ikj	2.44037	2.50225	2.60152	2.44537	2.63114	2.42261	2.42271	2.46699	2.44815	2.91374	2.54943	2.59227	2.9347	2.48488	2.5015	3.31636

MM_B_ijk	2.11995	1.90807	1.96647	2.07514	1.9071	1.90552	1.90544	2.14809	1.90576	2.16349	1.90569	1.90538	1.90629	1.90585	1.90583	1.90505

Evaluation : N=81, type=float
MM_ijk	3.20535	3.08334	3.00832	3.01073	3.00821	3.01143	3.09096	3.08164	3.00778	3.01215	3.02322	3.00993	3.0479	3.01102	3.1705	3.00962

MM_ikj	2.34294	2.36564	2.44094	2.57894	2.38976	2.33646	2.35746	2.41964	2.44402	2.58248	2.33083	2.33182	2.33289	2.33259	2.34219	2.33243

MM_B_ijk	1.86275	1.83514	1.83292	1.83375	1.83297	1.83333	1.83259	1.83343	1.83282	1.96067	1.91082	1.83224	1.8331	1.83246	1.83396	1.83205

