Evaluation : N=102, type=float
MM_ijk	3.55273	3.37162	3.26847	2.93979	2.87143	2.73867	2.73865	2.75523	2.74246	2.74323	2.75762	2.73921	2.82492	2.76334	2.75933	2.90183

MM_ikj	1.57368	1.53836	1.52864	1.51389	1.42753	1.42664	1.42656	1.46463	1.46797	1.42671	1.42656	1.42664	1.42657	1.46734	1.42661	1.4266

MM_B_ijk	1.63266	1.63233	1.65874	1.63252	1.63204	1.71781	1.63196	1.63222	1.65248	1.66776	1.66989	1.81777	1.64245	1.7018	1.75834	1.63258

Evaluation : N=102, type=float
MM_ijk	3.69529	3.41983	3.28704	3.36023	3.29227	3.31137	3.28638	3.28641	3.36452	3.37362	3.29181	3.32962	3.45545	3.54128	3.43191	3.28652

MM_ikj	1.70418	1.65492	1.65485	1.65483	1.65487	1.66602	1.65487	1.65486	1.65489	1.65485	1.75242	1.74861	1.65483	1.65485	1.65506	2.12596

MM_B_ijk	1.9334	2.10174	1.90222	1.98549	1.99258	1.89348	1.89354	1.92115	1.8935	1.89318	1.89304	1.89342	1.90563	1.89333	1.89306	1.89344

Evaluation : N=102, type=float
MM_ijk	3.65536	3.28774	3.33346	3.29091	3.31362	3.44228	3.387	3.40639	3.39906	3.36956	3.50359	4.40117	3.49057	3.36067	3.28754	3.32316

MM_ikj	1.65529	1.6549	1.65488	1.67871	1.65502	1.65487	1.65482	1.65485	1.79816	1.73529	1.65485	1.65483	1.65487	1.73294	1.67153	1.78466

MM_B_ijk	2.01069	1.94328	2.02831	1.8935	1.89321	1.89326	1.92805	1.89336	1.89331	1.89336	1.90654	1.89335	1.97393	1.89312	1.89314	1.95699

