Evaluation : N=250, type=float
MM_ijk	3.73853	3.30225	3.31359	3.27179	3.3479	3.32342	3.29645	3.28191	3.26669	3.26788	3.27252	3.25781	3.26996	3.28176	3.27019	3.26622

MM_ikj	1.41596	1.4416	1.41115	1.44332	1.40869	1.44307	1.40872	1.4453	1.42679	1.44439	1.4147	1.43638	1.41215	1.44903	1.4208	1.43929

MM_B_ijk	1.53462	1.55251	1.53334	1.55737	1.53165	1.57731	1.53618	1.57599	1.53663	1.5498	1.5393	1.53209	1.7351	1.54556	1.55912	1.54184

Evaluation : N=250, type=float
MM_ijk	3.83121	3.32689	3.30758	3.26926	3.27472	3.29009	3.26674	3.26858	3.26654	3.27126	3.27321	3.2656	3.27623	3.27153	3.26728	3.26871

MM_ikj	1.42178	1.43377	1.42061	1.43734	1.42228	1.43684	1.42078	1.43345	1.42059	1.43413	1.42006	1.43387	1.42071	1.43362	1.41988	1.43325

MM_B_ijk	1.53863	1.55514	1.62776	1.84699	1.63828	1.54929	1.63314	1.53484	1.57258	1.5373	1.55788	1.54014	1.58152	1.55525	1.54278	1.55735

