Evaluation : N=113, type=float
MM_ijk	3.71214	3.34662	3.39268	3.34618	3.36319	3.40547	3.36246	3.35337	3.5696	3.59044	3.34688	3.36177	3.34768	3.36357	3.34405	3.4326

MM_ikj	2.28855	2.34231	2.44891	2.29629	2.39566	2.26962	2.26884	2.29313	2.26878	2.28065	2.26876	2.2687	2.30347	2.33214	2.26986	2.50916

MM_B_ijk	3.14337	2.11378	1.83431	1.8334	1.83335	1.96079	1.83305	1.8333	1.86319	1.83303	1.83328	1.8424	1.89685	1.83314	1.83303	1.85729

Evaluation : N=113, type=float
MM_ijk	3.80769	3.67904	3.65833	3.75497	3.71949	3.66707	4.09387	3.6763	3.8234	3.67931	3.64735	3.87101	3.62554	3.64468	3.78998	3.70948

MM_ikj	2.48153	2.45933	2.45772	2.47866	2.45841	2.46693	2.62823	2.88383	2.61824	2.5152	2.82841	2.63644	2.46115	2.48469	2.4599	2.4745

MM_B_ijk	1.98746	1.98625	2.00667	1.9862	2.04945	2.02348	1.98578	2.06112	2.35631	2.06632	2.04213	2.04251	2.1223	1.98646	2.00429	1.98635

Evaluation : N=113, type=float
MM_ijk	3.61239	3.58835	3.53278	3.77227	3.73362	3.73596	3.57667	3.47969	3.49354	3.49414	3.48074	3.7055	3.84973	3.66732	3.61293	3.48113

MM_ikj	2.37602	2.40083	2.37576	2.41164	2.43915	2.38043	2.4286	2.81439	2.53556	2.51184	2.43669	2.4092	3.3017	2.45142	2.37679	2.3758

MM_B_ijk	1.94279	1.92417	1.9715	2.06168	2.37064	2.2133	1.98869	2.07915	1.92364	1.96493	1.9237	1.92377	1.93869	1.92403	1.924	2.05528

