Evaluation : N=15, type=float
MM_ijk	6.73304	2.12533	2.10578	2.10844	2.11259	2.10341	2.10637	2.11052	2.10459	2.09807	2.10548	2.10341	2.10815	2.11407	2.10933	2.10578

MM_ikj	2.45896	2.39052	2.3597	2.35822	2.35496	2.35437	2.35822	2.36119	2.36326	2.36593	2.36148	2.35704	2.35793	2.35378	2.35585	2.35911

MM_B_ijk	2.18993	2.12059	2.10993	2.10281	2.104	2.09807	2.09985	2.10459	2.10637	2.10993	2.10815	2.11111	2.10519	2.10459	2.09837	2.10044

Evaluation : N=15, type=float
MM_ijk	6.21215	2.12622	2.12919	2.10696	2.12237	2.10874	2.10696	2.10933	2.09926	2.10756	2.10519	2.12267	2.11052	2.11763	2.10341	2.10163

MM_ikj	2.43941	2.376	2.35822	2.35852	2.35615	2.35348	2.35644	2.35733	2.36178	2.36296	2.36148	2.35704	2.35467	2.35407	2.35467	2.35674

MM_B_ijk	2.19348	2.12267	2.10696	2.09807	2.10074	2.10578	2.09511	2.11674	2.10548	2.10578	2.10756	2.10578	2.10756	2.10252	2.10104	2.11052

Evaluation : N=15, type=float
MM_ijk	6.21896	2.11289	2.128	2.1117	2.11644	2.10222	2.10933	2.10874	2.11319	2.11052	2.12119	2.10874	2.11526	2.10756	2.10578	2.10578

MM_ikj	2.46489	2.37363	2.35733	2.35319	2.35378	2.35615	2.3603	2.36237	2.36296	2.35941	2.35733	2.35526	2.352	2.35704	2.35852	2.3603

MM_B_ijk	2.19259	2.10815	2.104	2.10163	2.10519	2.10696	2.10519	2.10933	2.10696	2.10163	2.10993	2.09215	2.10163	2.10222	2.10756	2.10993

