Evaluation : N=164, type=float
MM_ijk	3.78953	3.36113	3.16027	3.20747	3.0641	2.95139	2.90964	2.95574	2.86115	2.95503	2.9183	2.89241	2.85242	2.87216	2.9766	2.85771

MM_ikj	0.346948	0.346477	0.346612	0.346597	0.346633	0.350552	0.346755	0.346615	0.3466	0.346628	0.375571	0.346854	0.347005	0.347004	0.476316	0.373706

MM_B_ijk	1.59216	1.53204	1.53047	1.52395	1.54914	1.55114	1.58808	1.56615	1.5242	1.5282	1.52765	1.54534	1.5474	1.6148	1.91564	1.54062

Evaluation : N=164, type=float
MM_ijk	3.58881	3.57447	3.40867	3.45812	3.48742	3.42393	3.43159	3.49207	3.53748	3.41797	3.4597	3.39755	3.43412	3.50811	3.39774	3.43313

MM_ikj	0.444442	0.418737	0.440401	0.45957	0.413779	0.413071	0.413073	0.419413	0.413579	0.413061	0.413037	0.413083	0.417302	0.413151	0.413019	0.41294

MM_B_ijk	1.90384	1.89414	1.85271	1.82239	1.81995	1.82019	1.64439	1.64608	1.61357	1.5669	1.52574	1.54309	1.52851	1.54814	1.59954	1.5343

Evaluation : N=164, type=float
MM_ijk	3.59387	3.54164	3.19048	3.10788	3.18992	2.98247	2.87584	2.89975	2.90363	2.93331	2.86916	2.93419	2.87056	2.85013	2.97059	2.9098

MM_ikj	0.347285	0.353351	0.346755	0.346695	0.346843	0.346733	0.34669	0.351263	0.34679	0.346696	0.346717	0.34671	0.346682	0.362723	0.367537	0.346738

MM_B_ijk	1.53935	1.57904	1.55573	1.53147	1.52913	1.53304	1.56739	1.5836	1.5508	1.52769	1.52379	1.52671	1.56784	1.53362	1.57988	1.54808

