Evaluation : N=33, type=float
MM_ijk	8.26187	6.0544	6.06701	6.05855	9.0374	6.093	6.06703	6.06127	6.06536	6.05131	6.06673	6.14851	6.68737	8.05384	6.92287	6.56296

MM_ikj	6.00223	6.76712	5.17247	5.15115	5.14567	5.14456	5.14459	5.14422	5.14548	5.14534	5.14559	5.14445	5.14428	5.14361	5.14422	5.14422

MM_B_ijk	4.61864	4.58411	4.58082	4.57195	4.57078	4.54139	4.53432	4.53215	4.5351	4.53764	4.52943	4.53279	4.53691	4.53327	4.53416	4.53196

Evaluation : N=33, type=float
MM_ijk	3.58141	2.67104	2.6643	2.66834	2.66594	2.6697	2.66107	2.66736	2.66703	2.66892	2.66213	28.4202	2.66297	2.67117	2.66778	3.62924

MM_ikj	2.23842	2.23252	2.23127	2.23185	2.23168	2.23168	2.23135	2.23149	2.23118	2.23143	2.23118	2.2314	2.23146	2.23179	2.23149	2.23179

MM_B_ijk	2.02752	2.02223	2.01539	2.01472	2.01269	2.00868	2.00075	1.99669	1.99736	1.99658	1.9956	1.99585	1.99393	1.99174	2.45583	9.5161

Evaluation : N=33, type=float
MM_ijk	3.35309	2.47302	2.47127	2.47188	2.46526	2.47291	2.46907	2.49261	2.46498	2.4738	2.46779	2.47355	2.46459	2.4925	2.47004	2.47194

MM_ikj	2.07366	2.06625	2.13908	2.07115	2.08125	2.07299	2.06684	3.07644	2.19629	2.18187	2.17667	2.19632	2.1957	2.18065	2.22322	2.19175

MM_B_ijk	1.95687	1.95136	1.94705	1.93873	1.93722	1.92504	1.91992	1.92067	1.92022	1.92008	1.92111	1.91825	1.92028	1.91861	1.91852	1.91964

