Evaluation : N=161, type=float
MM_ijk	3.63516	3.54835	3.48557	3.36528	3.40469	3.3963	3.34047	3.37739	3.44564	3.55732	3.36247	3.47157	3.34866	3.36925	3.45786	3.3469

MM_ikj	2.08921	2.08651	2.13127	2.10148	2.05783	2.06524	2.09903	2.10255	2.1301	2.06474	1.94796	1.9017	2.0701	1.94389	1.86883	1.86045

MM_B_ijk	1.52482	1.57297	1.52897	1.58922	1.56172	1.52982	1.52322	1.52424	1.56919	1.52862	1.56802	1.58508	1.53467	1.52359	1.52437	1.56969

Evaluation : N=161, type=float
MM_ijk	3.8825	3.76746	3.84967	3.74155	3.77517	3.83236	3.74923	3.8537	4.05706	3.76527	3.80738	3.77761	3.77556	3.8276	3.75652	3.74244

MM_ikj	2.33869	2.38512	2.01475	1.98627	2.0173	1.86175	1.92576	1.87352	1.86062	2.03938	1.86292	1.87787	1.89486	1.86965	1.86465	1.89496

MM_B_ijk	1.58275	1.52687	1.58366	1.53557	1.52611	1.52089	1.52387	1.54538	1.52688	1.60076	1.53943	1.52799	1.52416	1.53677	1.55532	1.52555

Evaluation : N=161, type=float
MM_ijk	4.19563	3.83696	3.74596	3.89249	3.76482	3.76236	3.8251	3.86005	3.41677	3.30914	3.0666	3.05491	3.1633	3.10642	3.01797	3.09671

MM_ikj	1.87639	1.93758	1.86615	1.8691	1.87437	1.88374	1.92157	1.9005	1.86362	1.85811	1.88195	1.91086	2.09413	1.88607	1.93951	1.89152

MM_B_ijk	1.52545	1.6812	1.8747	2.01203	1.58617	1.53173	1.54503	1.52847	1.55648	1.64561	1.57341	1.54792	1.5626	1.55072	1.52802	1.55892

