Evaluation : N=273, type=float
MM_ijk	4.21608	4.31171	4.10754	3.38336	3.34807	3.30273	3.32269	3.33616	3.40345	3.47763	3.39	3.28561	3.31889	3.31446	3.31119	3.29014

MM_ikj	1.86734	1.88099	1.87616	1.87299	1.86043	1.84275	1.87027	1.87244	1.89369	1.92092	1.87396	1.86367	1.84723	1.86722	1.87492	1.87655

MM_B_ijk	1.5879	1.54014	1.59177	1.59835	1.53886	1.5846	1.60125	1.58105	1.54629	1.59272	1.59471	1.53657	1.59036	1.59459	1.58044	1.54875

Evaluation : N=273, type=float
MM_ijk	4.00085	3.87571	3.33433	3.29271	3.3258	3.29142	3.3146	3.29143	3.31042	3.29201	3.31168	3.30776	3.32166	3.28725	3.31862	3.28685

MM_ikj	1.87613	1.87789	1.87648	1.85735	1.84281	1.87035	1.87127	1.87338	1.87331	1.86356	2.35847	1.86367	1.84656	1.86377	1.86817	1.87451

MM_B_ijk	1.58684	1.54887	1.586	1.59438	1.54046	1.5857	1.59732	1.58794	1.53428	1.5976	1.67556	1.57274	1.58422	1.5971	1.58981	1.5427

