Evaluation : N=100, type=float
MM_ijk	3.18292	3.24344	3.58917	3.0395	3.13185	3.32525	3.22468	3.08903	3.06534	3.00727	3.00711	3.08245	3.01015	3.15855	3.09902	3.06234

MM_ikj	0.480135	0.449413	0.444497	0.444854	0.474903	0.528162	0.453017	0.500982	0.572503	0.451637	0.446151	0.441049	0.445089	0.443697	0.456116	0.457376

MM_B_ijk	1.90937	2.3732	1.90491	1.89791	1.89762	1.89826	1.91922	1.89818	1.89802	1.89783	1.89773	1.9413	1.90279	1.8978	1.8976	1.8976

Evaluation : N=100, type=float
MM_ijk	3.26447	3.07983	3.07954	3.09739	3.0802	3.11734	3.57217	3.02607	2.97822	2.94507	2.89293	2.89296	2.91899	2.89299	2.89303	2.94107

MM_ikj	0.422441	0.42157	0.421571	0.42152	0.422398	0.422658	0.422648	0.422687	0.422691	0.422729	0.422666	0.422638	0.422709	0.422632	0.422644	0.422645

MM_B_ijk	1.955	1.82536	1.89415	1.85907	1.87624	1.94036	1.91209	1.86019	1.89844	1.97964	1.86436	1.82486	1.82484	1.82455	1.82534	1.87949

