Evaluation : N=97, type=float
MM_ijk	3.42301	3.20037	3.24411	3.20296	3.19933	3.31876	3.42096	3.71913	3.44111	3.37212	3.20205	3.2426	3.20401	3.20134	3.26283	3.20128

MM_ikj	2.29999	2.29972	2.40269	2.30019	2.39952	2.2997	2.38427	2.29969	2.37276	2.55057	2.37785	2.4038	2.35507	2.30138	2.38114	2.30065

MM_B_ijk	1.82863	1.82707	1.82635	1.89451	1.82668	1.8263	1.82557	1.82608	1.82592	1.8501	1.82617	1.82644	1.92734	1.82651	1.86949	1.8264

Evaluation : N=97, type=float
MM_ijk	3.49242	3.3712	3.32762	3.32945	3.39542	3.42288	3.33117	3.47764	3.37887	3.61206	3.52768	3.57624	3.32979	3.369	3.33146	3.365

MM_ikj	2.42859	2.39034	2.39016	2.39018	2.65187	2.39019	2.4908	2.40009	2.41826	2.42056	2.49222	2.49915	2.48485	2.77665	2.39125	2.39018

MM_B_ijk	1.94944	1.89997	1.89964	1.89902	1.95557	2.00396	1.90066	1.89957	1.89961	1.89964	1.98754	1.94863	1.99955	1.89973	1.90625	2.05208

Evaluation : N=97, type=float
MM_ijk	3.54464	3.33029	3.32657	3.35242	3.32722	3.3292	3.4016	3.42763	3.33467	3.41947	3.43209	3.63891	3.46304	3.50734	3.53272	3.32718

MM_ikj	2.3915	2.39033	2.41983	2.39033	2.39014	2.39017	2.48046	2.39023	2.49054	2.39912	2.42293	2.4024	2.43559	2.55294	2.51611	2.56754

MM_B_ijk	2.03276	1.90047	1.90004	1.93859	1.90005	1.89965	1.89955	1.89948	1.92004	1.89959	1.89933	1.89979	1.89979	2.0045	1.9002	2.05228

