Evaluation : N=219, type=float
MM_ijk	4.0821	3.99501	4.00264	3.99701	3.97532	3.97442	3.83665	3.29851	3.23321	3.2298	3.16564	3.21857	3.21165	3.20877	3.18234	3.20506

MM_ikj	1.89899	1.85877	1.8715	1.91867	1.84623	1.91869	1.83512	1.90954	1.86759	1.87822	1.88492	1.84605	1.9193	1.83499	1.92929	1.84464

MM_B_ijk	1.5645	1.62671	1.54326	1.65139	1.5632	1.55781	1.65069	1.53331	1.54865	1.63411	1.53985	1.6313	1.55089	1.53215	1.63539	1.53466

Evaluation : N=219, type=float
MM_ijk	4.04	3.97094	3.97958	3.98395	4.00016	3.96769	3.94485	3.33778	3.19144	3.20637	3.20358	3.19377	3.17817	3.19155	3.21355	3.19131

MM_ikj	1.85367	1.85056	1.87397	1.8501	1.87689	1.83747	1.87656	1.84922	1.84848	1.87707	1.85048	1.87202	1.85006	1.86751	1.85754	1.85303

MM_B_ijk	1.57049	1.54229	1.55721	1.55168	1.54997	1.57472	1.52964	1.54109	1.57525	1.52986	1.58114	1.5826	1.56294	1.56951	1.56975	1.55677

Evaluation : N=219, type=float
MM_ijk	3.82	3.35803	3.19796	3.22996	3.20346	3.25513	3.17023	3.19261	3.20519	3.19722	3.17409	3.18974	3.20235	3.19023	3.18985	3.19891

MM_ikj	1.85664	1.84945	1.84866	1.8682	1.85256	1.86842	1.843	1.87392	1.84742	1.84783	1.87024	1.8476	1.86967	1.8383	1.87307	1.84549

MM_B_ijk	1.54913	1.57558	1.52751	1.54272	1.56698	1.5269	1.56525	1.5393	1.53432	1.55814	1.53813	1.54548	1.55914	1.52855	1.54213	1.5599

