Evaluation : N=168, type=float
MM_ijk	3.76663	3.81592	3.65988	3.77525	3.6836	3.67517	3.763	3.77501	3.72894	3.71489	3.66748	3.77076	3.30728	3.16468	3.02827	2.94328

MM_ikj	0.442293	0.452766	0.441887	0.44188	0.460012	0.455832	0.442778	0.442541	0.447732	0.496602	0.446812	0.458297	0.453097	0.453571	0.442468	0.442318

MM_B_ijk	1.53751	1.53396	1.55	1.56335	1.87743	1.54398	1.53455	1.54823	1.55396	1.56691	1.6362	1.54373	1.53741	1.5345	1.55148	1.54287

Evaluation : N=168, type=float
MM_ijk	3.69084	3.61965	3.60563	3.5129	3.67561	3.55843	3.5297	3.84886	3.51908	3.62405	3.54722	3.53912	3.59385	3.53448	3.53894	3.46326

MM_ikj	0.466102	0.456859	0.45634	0.456335	0.45634	0.458548	0.456326	0.456351	0.456345	0.460927	0.46042	0.44106	0.441074	0.501433	0.462821	0.487461

MM_B_ijk	1.58219	1.54037	1.53674	1.62759	1.66035	1.58255	1.56024	1.53658	1.53449	1.53253	1.56531	1.58025	1.58759	1.54084	1.53249	1.53455

Evaluation : N=168, type=float
MM_ijk	3.76501	3.29824	3.29438	3.20784	3.15172	3.30742	3.18164	3.15113	3.35005	3.32196	3.4852	3.35738	3.20447	3.19315	3.33419	3.20788

MM_ikj	0.49566	0.473483	0.47189	0.479034	0.471988	0.471476	0.48606	0.495852	0.593638	0.48475	0.48016	0.514602	0.472556	0.472059	0.472039	0.475303

MM_B_ijk	2.40476	2.69647	2.16875	2.21559	1.65299	1.61212	1.6247	1.78548	1.61171	1.65893	1.57982	1.58182	1.53259	1.83018	1.61397	1.58401

