Evaluation : N=23, type=float
MM_ijk	4.01767	2.21493	2.21509	2.20679	2.21665	2.20925	2.20925	2.21345	2.21361	2.20728	2.21649	2.21106	2.21221	2.21287	2.21073	2.20967

MM_ikj	1.73025	1.70888	1.70732	1.7033	1.70461	1.70856	1.70625	1.70288	1.70568	1.70888	1.70527	1.70305	1.70658	1.70839	1.70404	1.70338

MM_B_ijk	1.99121	1.93055	1.92118	1.93145	1.91584	1.92496	1.92217	1.91978	1.92167	1.91206	1.9165	1.91255	1.91354	1.91855	1.92011	1.91304

Evaluation : N=23, type=float
MM_ijk	4.04783	2.20942	2.21262	2.21608	2.20408	2.21567	2.21254	2.20876	2.2086	5.04972	2.4638	2.20843	2.20613	2.21723	2.21098	2.2086

MM_ikj	1.72812	1.70987	1.70642	1.70362	1.70305	1.70954	1.70371	1.70371	1.70371	1.70954	1.70288	1.70362	1.70494	1.70888	1.70165	1.70469

MM_B_ijk	1.95718	1.92118	1.92808	1.93293	1.92118	1.922	1.92332	1.91797	1.93293	1.92759	1.92217	1.91797	1.92167	1.92973	1.92052	1.9188

Evaluation : N=23, type=float
MM_ijk	4.05679	2.29999	2.30328	2.29186	2.30459	2.29843	2.29843	2.30262	2.30081	2.29531	2.30706	2.29596	2.2995	2.30279	2.29925	2.29818

MM_ikj	1.79847	1.77949	1.77521	1.77784	1.77595	1.77924	1.7739	1.7716	1.77636	1.77694	1.77225	1.7734	1.77776	1.77488	1.77127	1.77488

MM_B_ijk	2.04668	2.00797	2.00444	2.00247	1.99729	2.00395	2.04504	1.99227	2.01488	2.00107	1.99811	1.99449	1.99696	1.9963	1.99548	1.99548

