Evaluation : N=201, type=float
MM_ijk	4.00072	3.90916	3.95525	3.94176	3.90406	3.91234	3.92513	3.90354	3.82797	3.34278	3.13329	3.22525	3.16743	3.13984	3.17969	3.13405

MM_ikj	1.93148	1.86343	1.8459	1.88688	1.86175	1.84575	1.88901	1.86052	1.85046	1.87634	1.86141	1.85262	1.88367	1.89655	1.86278	1.88261

MM_B_ijk	1.55263	1.52589	1.54395	1.58024	1.53397	1.5408	1.56	1.55158	1.52423	1.54299	1.58556	1.52557	1.54504	1.55801	1.54935	1.52647

Evaluation : N=201, type=float
MM_ijk	3.91803	3.75261	3.79364	3.8088	3.77765	3.91302	3.90554	3.74361	3.76888	3.37751	3.15091	3.18926	3.13277	3.16252	3.1683	3.13373

MM_ikj	1.89202	1.87153	1.85147	1.87504	1.86572	1.86128	1.87137	1.85514	1.85124	1.88665	1.85409	1.85028	1.8886	1.85327	1.86031	1.87746

MM_B_ijk	1.5468	1.54835	1.53989	1.56896	1.55042	1.95192	2.15136	1.54202	1.53628	1.58783	1.57056	1.53337	1.6379	1.75051	1.6292	1.63754

Evaluation : N=201, type=float
MM_ijk	3.95462	4.02612	3.99247	3.96656	3.95349	3.99507	3.90048	3.91455	3.80754	3.27997	3.17183	3.16818	3.13958	3.19674	3.12322	3.18378

MM_ikj	1.86514	1.88697	1.87261	1.83884	1.89571	1.86393	1.84923	1.88021	1.87877	1.83912	1.89457	1.86457	1.8399	1.89693	1.86066	1.84922

MM_B_ijk	1.5598	1.55436	1.53154	1.55323	1.55954	1.54793	1.52653	1.55452	1.57359	1.52614	1.55157	1.5577	1.5471	1.52581	1.55021	1.57238

