Evaluation : N=50, type=float
MM_ijk	3.3019	2.86882	2.87762	2.87112	2.87874	2.86849	2.8775	2.87104	2.87881	2.86846	2.87738	2.87135	2.87734	3.19054	2.87483	2.87214

MM_ikj	1.69046	1.68578	1.68607	1.68562	1.68565	1.68585	1.68543	1.68601	1.68531	1.68607	1.6853	1.68607	1.68534	1.68591	1.68556	1.68571

MM_B_ijk	1.94141	1.93561	1.93466	1.93456	1.93334	1.93418	1.9333	1.93494	1.93336	1.93351	1.93434	1.9343	1.93409	1.93421	1.93394	1.93445

Evaluation : N=50, type=float
MM_ijk	3.1639	2.76361	2.76288	3.00826	2.66186	2.65549	2.66166	2.65895	2.66252	2.65553	2.66172	2.65858	2.66202	2.65563	2.97581	2.8178

MM_ikj	1.86947	1.56455	1.56103	1.56131	1.56073	1.56058	1.56102	1.56098	1.56056	1.56072	1.56113	1.56084	1.56051	1.5609	1.5611	1.56063

MM_B_ijk	1.79902	1.7915	1.79035	1.79121	1.79021	1.79063	1.79034	1.79042	1.78927	1.7898	1.85634	1.79063	1.78948	1.79022	1.7897	1.7897

