Evaluation : N=78, type=float
MM_ijk	3.48749	3.27912	3.29962	3.18286	2.93497	2.70847	2.83486	2.77748	2.82312	2.68127	2.905	2.83854	2.92425	3.05663	2.93546	2.86879

MM_ikj	1.62191	1.54437	1.72792	1.66217	1.58156	1.48523	1.48521	1.48523	1.48527	1.4853	1.48529	1.48526	1.48523	1.4852	1.56287	1.48561

MM_B_ijk	1.71331	1.71276	1.77345	1.65277	1.65297	1.65305	1.65283	1.65152	1.6537	1.68335	1.65311	1.65246	1.65296	1.67024	1.59835	1.59794

Evaluation : N=78, type=float
MM_ijk	3.76913	3.81299	3.56335	3.78138	3.90344	3.2742	3.32734	3.10934	3.10166	3.18747	3.14342	3.14336	3.13495	2.98494	2.97727	2.98461

MM_ikj	1.54211	1.54757	1.54038	1.75181	1.58783	2.10627	2.09642	1.85601	1.99848	1.98123	2.2195	1.92869	1.78144	1.72814	1.92966	2.23509

MM_B_ijk	2.29873	2.02902	2.01466	1.97644	2.00231	1.8561	1.84258	1.8444	2.15974	1.84367	1.85089	2.00413	1.95216	1.90972	2.17181	1.8467

Evaluation : N=78, type=float
MM_ijk	3.62274	3.40367	3.48688	3.40818	3.40897	3.41063	3.4091	3.40814	3.46033	3.40837	3.40935	3.40034	3.40864	3.67228	3.49842	3.23108

MM_ikj	1.77247	2.38911	2.17247	1.68987	1.86698	1.72159	1.87806	1.68314	1.84341	1.69303	1.82986	1.77038	1.6654	1.6635	1.66351	1.66351

MM_B_ijk	2.30571	1.91727	1.91732	1.91734	1.91794	1.91723	1.91684	1.91671	1.91721	1.91682	1.96636	1.91734	1.91673	1.91837	1.91646	1.9181

