Evaluation : N=237, type=float
MM_ijk	4.0726	3.99312	4.0113	4.02676	4.02505	3.68531	3.2439	3.21479	3.21499	3.21107	3.2235	3.21179	3.2086	3.20905	3.19851	3.2087

MM_ikj	1.86072	1.85474	1.83641	1.86342	1.83746	1.8633	1.83942	1.85721	1.83497	1.85961	1.83552	1.85559	1.85376	1.83685	1.85695	1.83708

MM_B_ijk	1.55997	1.5307	1.55422	1.53704	1.53659	1.55487	1.53598	1.55569	1.53951	1.56395	1.53746	1.55779	1.53614	1.55367	1.53733	1.54731

Evaluation : N=237, type=float
MM_ijk	4.04805	3.98908	4.01912	4.04576	3.99026	3.38404	3.21304	3.21443	3.21139	3.22681	3.20946	3.21333	3.20384	3.20678	3.21369	3.21308

MM_ikj	1.85653	1.8413	1.85435	1.85905	1.84156	1.85406	1.84679	1.86326	1.83309	1.86769	1.84501	1.869	1.84085	1.85492	1.85962	1.84048

MM_B_ijk	1.55057	1.54414	1.54359	1.55587	1.54157	1.55493	1.54177	1.55611	1.53442	1.56095	1.53875	1.55407	1.54134	1.54232	1.55344	1.54238

Evaluation : N=237, type=float
MM_ijk	4.07749	4.01139	4.03641	4.02877	4.01495	3.43108	3.22725	3.2272	3.22936	3.24266	3.23904	3.21422	3.22669	3.2296	3.22949	3.22796

MM_ikj	1.90051	1.83999	1.89707	1.88198	1.85813	1.88708	1.84847	1.90299	1.83494	1.89937	1.83588	1.89639	1.84443	1.89444	1.89202	1.84083

MM_B_ijk	1.61735	1.53964	1.60589	1.59617	1.54746	1.61561	1.54236	1.65597	1.54338	1.62864	1.53535	1.62917	1.5365	1.62148	1.53642	1.6169

