Evaluation : N=196, type=float
MM_ijk	3.84921	3.73265	3.83447	3.70518	3.80754	3.78316	3.19752	3.06955	2.97278	3.03919	2.98216	3.02017	2.97171	3.12262	2.9776	3.05363

MM_ikj	0.347444	0.346411	0.348011	0.346649	0.346491	0.346469	0.366003	0.346419	0.359289	0.347741	0.346858	0.351774	0.381397	0.349071	0.374029	0.347538

MM_B_ijk	1.53152	1.5402	1.5467	1.58799	1.52641	1.55398	1.55854	1.56073	1.52692	1.55295	1.6031	1.55791	1.5567	1.56045	1.56468	1.55641

Evaluation : N=196, type=float
MM_ijk	3.83692	3.74993	3.69985	3.73766	3.83608	3.27694	3.06241	2.97402	3.07557	3.01169	3.00791	2.95935	3.0281	3.00336	2.99137	2.97145

MM_ikj	0.348821	0.346634	0.346544	0.346676	0.35347	0.370982	0.355222	0.362143	0.35383	0.346564	0.346417	0.351148	0.346652	0.346369	0.347674	0.346543

MM_B_ijk	1.54535	1.57792	1.53819	1.52643	1.54484	1.5835	1.53295	1.54688	2.19964	1.55911	1.53491	1.55225	1.56387	1.54855	1.52734	1.54056

Evaluation : N=196, type=float
MM_ijk	3.77526	3.73236	3.75021	3.70928	3.82632	3.69164	3.74313	3.75279	3.73613	3.52024	3.10253	3.00825	2.99071	3.01211	2.9705	3.00962

MM_ikj	0.346958	0.344924	0.345039	0.345036	0.357952	0.357236	0.345834	0.347882	0.345491	0.353714	0.378162	0.347911	0.364043	0.345698	0.350251	0.345221

MM_B_ijk	1.52828	1.5532	1.58307	1.54258	1.527	1.55522	1.58662	1.5307	1.53942	1.54015	1.58483	1.53091	1.53867	1.54244	1.58085	1.53007

