Evaluation : N=315, type=float
MM_ijk	4.19289	4.14772	3.52704	3.32883	3.31862	3.32094	3.32629	3.31942	3.32222	3.32767	3.32283	3.3274	3.32135	3.3554	3.33748	3.32705

MM_ikj	1.84239	1.8291	1.83163	1.83083	1.84194	1.82919	1.83026	1.83871	1.83589	1.8308	1.82925	1.84466	1.82859	1.8331	1.83641	1.84226

MM_B_ijk	1.54836	1.56964	1.57079	1.5462	1.55574	1.55538	1.55419	1.56843	1.55556	1.55445	1.54795	1.55303	1.54225	1.54167	1.54037	1.5416

Evaluation : N=315, type=float
MM_ijk	3.66713	3.34532	3.33281	3.323	3.32839	3.33468	3.3298	3.32703	3.33319	3.32609	3.32376	3.32977	3.33177	3.32309	3.32472	3.33174

MM_ikj	1.82851	1.8318	1.83293	1.83697	1.82867	1.83261	1.83544	1.83043	1.82694	1.83298	1.84248	1.82785	1.84723	1.83127	1.84317	1.82494

MM_B_ijk	1.54713	1.54665	1.54646	1.54604	1.54895	1.55247	1.54904	1.55047	1.54831	1.55089	1.54964	1.54736	1.54685	1.55053	1.56492	1.54834

