Evaluation : N=75, type=float
MM_ijk	3.74838	3.05871	3.05653	3.05659	3.0596	3.05689	3.22215	3.05708	3.05697	3.05806	3.05798	3.05688	3.05663	3.12399	3.04936	3.06226

MM_ikj	2.45655	2.45425	2.45434	2.45426	2.4543	2.51337	2.45436	2.65664	2.45426	2.45434	2.45425	2.62745	2.45438	3.81475	3.44178	2.9002

MM_B_ijk	1.93807	1.90844	2.00068	2.02704	1.92583	1.91983	2.07518	2.01836	2.36237	1.90454	1.90534	1.90528	1.9056	1.9049	1.9052	1.90531

Evaluation : N=75, type=float
MM_ijk	3.26195	2.94184	2.93533	2.93966	2.82829	2.83439	2.89031	2.97909	3.04328	2.90649	2.84436	2.84158	2.89433	2.8423	2.72332	2.80667

MM_ikj	2.29811	2.27255	2.2725	2.29765	2.18139	2.18139	2.18153	2.18316	2.31294	2.19155	2.19131	2.19138	2.19121	2.19127	2.19144	2.19117

MM_B_ijk	1.7022	1.70018	1.74425	1.70187	1.69994	1.70019	1.70021	1.70034	1.70032	1.70046	1.70007	1.70018	1.70047	1.90164	1.7005	1.85304

Evaluation : N=75, type=float
MM_ijk	3.54151	3.08712	3.04299	3.1594	3.06014	3.05216	3.06014	3.05327	3.07404	2.93723	3.0022	2.93881	2.9403	2.93688	2.94121	2.9386

MM_ikj	2.36127	2.48771	2.36025	2.35985	2.38743	2.27255	2.27253	2.27255	2.27255	2.47435	2.34394	2.27243	2.27254	2.27242	2.42257	2.27248

MM_B_ijk	1.81641	2.99488	2.4632	1.79419	1.9816	1.84382	1.78652	1.80274	1.91225	1.71085	1.796	1.74937	1.72463	1.90321	1.70154	1.9296

Evaluation : N=75, type=float
MM_ijk	3.16103	3.03831	2.9379	2.94076	2.93764	2.9403	2.93728	2.94064	2.9377	3.02396	2.94233	2.93504	2.9422	2.93442	2.94242	2.93544

MM_ikj	2.55925	2.36015	2.3496	2.34635	2.34613	2.34632	2.37053	2.35992	2.56366	2.42263	2.3932	2.41807	2.44581	2.55565	2.41059	2.36238

MM_B_ijk	1.91247	1.90694	2.17648	2.04661	2.06793	1.86682	1.86665	1.86657	1.86736	1.86683	1.86691	1.86653	1.86627	2.29724	1.93589	1.83165

