Evaluation : N=112, type=float
MM_ijk	3.41729	3.14955	3.16617	3.15242	3.16728	3.21812	3.1872	3.3453	3.2997	3.2015	3.20668	3.152	3.24306	3.15131	3.38162	3.21562

MM_ikj	0.435622	0.435282	0.435315	0.459278	0.436678	0.436066	0.436163	0.437245	0.440778	0.44998	0.443821	0.462938	0.498188	0.505617	0.443613	0.438575

MM_B_ijk	2.30422	2.26015	2.21063	2.25364	2.21059	2.21061	2.22725	2.27149	2.21795	2.21131	2.21062	2.22599	3.53984	2.69116	2.31629	2.3902

Evaluation : N=112, type=float
MM_ijk	3.4388	3.30276	3.28162	3.3301	3.28087	3.37672	3.42958	3.78754	3.63163	3.35877	3.29004	3.30514	3.28301	3.30008	3.3779	3.27936

MM_ikj	0.436215	0.435045	0.460313	0.447306	0.439433	0.455015	0.502092	0.475891	0.508195	0.453109	0.443245	0.436697	0.444629	0.44307	0.437994	0.479516

MM_B_ijk	2.29477	2.21078	2.21075	2.22948	2.21062	2.21059	2.26592	2.14064	2.04688	3.03103	2.5369	2.19945	2.17802	2.35288	2.23287	2.126

Evaluation : N=112, type=float
MM_ijk	3.36837	3.15532	3.23554	3.17085	3.34939	3.71036	3.22762	3.15103	3.16559	3.15195	3.26813	3.27831	3.2055	3.42747	3.40349	3.25639

MM_ikj	0.476526	0.43524	0.434767	0.435414	0.435879	0.435819	0.4991	0.621032	0.612461	0.646447	0.435973	0.435064	0.435304	0.46504	0.435391	0.435148

MM_B_ijk	2.21472	2.21369	2.29134	2.21364	2.21938	2.23674	2.27059	2.87702	2.49747	2.62228	4.15693	3.94438	3.92895	2.91556	2.21799	2.23859

