Evaluation : N=204, type=float
MM_ijk	3.81446	3.77166	3.7543	3.74639	3.80996	3.24468	3.00327	3.0239	2.99619	3.02748	3.01423	3.02547	3.07285	2.99793	3.02218	2.99859

MM_ikj	0.347913	0.373191	0.352977	0.359169	0.346491	0.348181	0.345392	0.345047	0.346809	0.345176	0.377276	0.348445	0.345319	0.355812	0.346379	0.346917

MM_B_ijk	1.57343	1.53441	1.54586	1.57124	1.54002	1.54348	1.53537	1.57265	1.53127	1.5475	1.58582	1.53452	1.53688	1.56313	1.56248	1.53384

Evaluation : N=204, type=float
MM_ijk	5.45359	4.67733	5.09364	5.29191	4.57577	4.36875	4.0684	4.10996	4.12685	4.11069	4.00067	3.81206	4.00914	4.10118	3.8013	3.4435

MM_ikj	0.581488	0.60409	0.437835	0.433114	0.475404	0.491663	0.426621	0.408399	0.404283	0.39847	0.418433	0.415398	0.412249	0.410558	0.408078	0.40634

MM_B_ijk	1.68575	1.67688	1.69799	1.64551	1.58699	1.63191	1.61336	1.59281	1.61195	1.61846	1.60397	2.15822	1.7795	1.68825	1.95005	1.64067

Evaluation : N=204, type=float
MM_ijk	3.65966	3.65254	3.66374	3.57662	3.68355	3.6555	3.59355	3.63476	3.64933	3.60966	3.43572	3.09246	2.99849	3.07199	3.0044	3.10994

MM_ikj	0.34729	0.361795	0.363682	0.345943	0.344862	0.355368	0.411001	0.364848	0.375412	0.346631	0.356099	0.362775	0.3553	0.348251	0.353299	0.357274

MM_B_ijk	1.56285	1.65984	1.53754	1.56048	1.66891	1.55854	1.53249	1.65166	1.59082	1.53388	1.5522	1.68885	1.53708	1.54292	1.66251	1.57801

