Evaluation : N=38, type=float
MM_ijk	3.45315	2.77183	2.7736	2.7753	2.77349	2.77136	2.77125	2.77263	2.77227	2.77263	2.77099	2.77172	2.77143	2.7726	2.77103	2.77118

MM_ikj	1.64856	1.64211	1.64126	1.64133	1.64137	1.64144	1.6414	1.6414	1.64147	2.29075	1.64126	1.64129	1.64133	1.64133	1.64137	1.64144

MM_B_ijk	1.85299	1.84373	1.84145	1.84141	1.83917	1.84072	1.84094	1.83961	1.84043	1.84354	1.84145	1.84021	1.84079	1.84187	1.84282	1.84307

Evaluation : N=38, type=float
MM_ijk	3.59438	3.64876	2.8871	2.88595	2.88539	2.8848	2.88716	2.88614	2.88745	2.88646	2.88816	2.88632	2.88491	2.8869	2.88708	2.88818

MM_ikj	1.71333	1.70885	1.70832	1.70734	1.70686	1.70694	1.70708	1.70719	1.7073	1.70723	1.70705	1.70701	1.7069	1.70685	1.70694	1.70706

MM_B_ijk	1.92667	1.91648	1.91258	1.91732	1.9126	1.91154	1.91092	1.91207	1.9097	1.91178	1.9121	1.91349	1.91334	1.91059	1.9124	1.91169

Evaluation : N=38, type=float
MM_ijk	3.54831	2.81315	2.81298	2.81317	2.81153	2.81273	2.81313	2.81255	2.81269	3.51848	2.81136	2.81229	2.81049	2.81231	2.81174	2.81209

MM_ikj	1.71413	1.70819	1.70726	1.70719	1.70712	1.70694	1.91128	1.70965	1.70712	1.71058	1.7073	1.70723	1.70705	1.70697	1.70683	1.70679

MM_B_ijk	1.9306	1.91887	1.91444	1.915	1.91613	1.91526	1.91473	1.9117	1.91265	1.91436	1.91218	1.9136	1.91537	1.9146	2.14988	1.97848

