Evaluation : N=14, type=float
MM_ijk	6.93222	2.03098	2.02004	2.01203	2.00802	2.01203	2.01458	2.01348	2.01859	2.01713	2.01931	2.01786	2.01931	2.01348	2.00984	2.01458

MM_ikj	1.78827	1.68039	1.66946	1.66837	1.66472	1.66545	1.66399	1.66655	1.66764	1.66983	1.67019	1.67238	1.67128	1.67165	1.67055	1.66873

MM_B_ijk	2.15306	2.05685	2.05904	2.05685	2.05466	2.05831	2.06122	2.05466	2.05029	2.05102	2.05503	2.05102	2.05102	2.05539	2.06122	2.05831

Evaluation : N=14, type=float
MM_ijk	7.19133	2.11334	2.10095	2.09585	2.09876	2.09949	2.09366	2.09949	2.09074	2.09147	2.09439	2.10022	2.09803	2.09439	2.10241	2.10095

MM_ikj	1.84548	1.76166	1.73615	1.73761	1.73797	1.73907	1.73688	1.73542	1.73324	1.73397	1.73178	1.73287	1.73251	1.73469	1.73688	1.73797

MM_B_ijk	2.24052	2.13484	2.13994	2.13338	2.13192	2.13411	2.13557	2.13557	2.1414	2.14431	2.14213	2.13776	2.13994	2.13411	2.12974	2.13848

Evaluation : N=14, type=float
MM_ijk	7.10058	2.22376	2.22012	2.21501	2.21501	2.21829	2.2223	2.20991	2.20882	2.21137	2.21793	2.20991	2.2121	2.21866	2.22376	2.21574

MM_ikj	1.86917	1.80539	1.79956	1.78899	1.78754	1.78571	1.78353	1.78353	1.78207	1.7828	1.78499	1.78608	1.78827	1.78936	1.78972	1.78899

MM_B_ijk	2.31633	2.24672	2.24417	2.24453	2.24599	2.24927	2.25182	2.24781	2.2438	2.24235	2.24271	2.24125	2.24162	2.24599	2.24854	2.24891

