Evaluation : N=258, type=float
MM_ijk	4.21401	4.17803	4.12648	3.94632	3.32735	3.33268	3.35004	3.32008	3.3209	3.33935	3.33527	3.32086	3.32114	3.34744	3.32646	3.32155

MM_ikj	1.45497	1.41296	1.45966	1.41552	1.45198	1.41513	1.45232	1.42734	1.43965	1.45516	1.41295	1.45641	1.41247	1.45357	1.41503	1.45252

MM_B_ijk	1.54123	1.58709	1.60373	1.53342	2.03528	2.01353	1.53955	1.59518	1.60401	1.53916	1.61784	1.53845	1.59618	1.59514	1.53485	1.598

Evaluation : N=258, type=float
MM_ijk	4.19702	4.12953	4.12924	4.11325	3.59964	3.31278	3.32204	3.32681	3.3231	3.32101	3.31663	3.33359	3.31382	3.31601	3.31865	3.3304

MM_ikj	1.4103	1.43146	1.42013	1.43347	1.42805	1.43034	1.43552	1.41407	1.4309	1.41677	1.43087	1.41218	1.43426	1.41813	1.42639	1.41669

MM_B_ijk	1.54943	1.55071	1.54472	1.55148	1.72814	1.56961	1.57709	1.54017	1.56886	1.53629	1.54911	1.54811	1.53861	1.55328	1.53229	1.55212

