Evaluation : N=35, type=float
MM_ijk	3.73672	2.85525	2.85525	2.8473	2.85593	2.85201	2.85476	2.84982	2.85117	2.85322	2.85432	2.85329	2.85619	2.84989	2.85847	2.85385

MM_ikj	2.65934	2.64781	2.64938	2.64835	2.647	2.64837	2.64856	2.6469	2.64865	2.64826	2.64714	2.64847	2.64837	2.64686	2.64879	2.64819

MM_B_ijk	1.8883	1.86918	1.86533	1.86496	1.86363	1.8657	1.86386	1.86475	1.86325	1.86461	1.86519	1.86486	1.86353	1.86367	1.86437	1.86659

Evaluation : N=35, type=float
MM_ijk	4.13966	3.13089	3.13754	3.3684	3.89791	3.77581	4.01838	3.91988	4.29999	3.22915	3.93369	3.12583	3.20327	3.27107	3.29318	3.46512

MM_ikj	2.98003	3.12075	3.09434	3.14337	3.52168	3.34619	3.29857	4.1402	8.91963	3.00856	3.12105	3.27312	3.46442	3.28175	3.2553	4.99788

MM_B_ijk	2.22328	2.32669	10.5178	2.01927	2.01941	2.02143	2.02071	2.01861	2.02055	2.02139	2.01903	2.02022	2.02127	2.01943	2.02136	2.02003

Evaluation : N=35, type=float
MM_ijk	3.85143	2.95387	2.95979	2.95748	2.95988	2.95389	2.95946	2.95734	2.95489	2.95592	2.95389	2.95375	2.95846	3.13558	2.9552	2.96187

MM_ikj	2.77857	3.2073	3.71018	3.13516	2.72739	2.72532	2.72886	2.72438	2.72889	2.72557	2.72721	2.72658	2.72758	2.72532	2.72889	2.7245

MM_B_ijk	1.96469	1.94496	1.94097	4.00653	1.94246	1.94157	1.94062	1.93873	1.94113	3.08884	3.29584	3.23555	3.31111	3.31384	3.3252	3.32028

