Evaluation : N=156, type=float
MM_ijk	3.59515	3.51685	3.58728	3.5278	3.53278	3.52964	3.5979	3.49343	3.5251	3.73091	3.51737	3.49344	3.45094	3.03959	2.98045	2.84329

MM_ikj	0.34715	0.34729	0.348245	0.349183	0.358388	0.375126	0.390735	0.349945	0.350837	0.372015	0.354014	0.347769	0.347458	0.354801	0.347682	0.347545

MM_B_ijk	1.53233	1.52941	1.5318	1.552	1.53399	1.586	1.60036	1.53639	1.53176	1.52944	1.53181	1.55569	1.56518	1.58664	1.53868	1.52927

Evaluation : N=156, type=float
MM_ijk	3.59234	3.52698	3.56604	3.53761	3.53075	3.53446	3.60302	3.53004	3.53351	3.7029	3.49788	3.12062	3.05095	2.97264	2.81739	2.87645

MM_ikj	0.353148	0.347057	0.347262	0.347257	0.3473	0.347709	0.347347	0.36565	0.358365	0.377528	0.35626	0.351381	0.355845	0.408884	0.369437	0.347346

MM_B_ijk	1.52957	1.53579	1.58592	1.52942	1.53642	1.57899	1.60048	1.56462	1.53426	1.52935	1.53144	1.57563	1.52968	1.78505	1.5947	1.54981

Evaluation : N=156, type=float
MM_ijk	3.76443	3.23339	2.92272	2.94475	3.1776	2.91267	2.91129	2.94574	3.0975	2.91269	2.92531	2.99454	3.11227	2.9388	3.00915	2.94029

MM_ikj	0.518753	0.391866	0.386579	0.362102	0.363823	0.371873	0.428841	0.379277	0.358405	0.412712	0.358918	0.358828	0.367525	0.358542	0.358547	0.358513

MM_B_ijk	1.58543	1.58064	1.62697	1.82651	1.68876	1.60218	1.58754	1.58539	1.58039	1.62685	1.83632	1.65401	1.65355	1.58683	1.60319	1.58584

