Evaluation : N=82, type=float
MM_ijk	3.34998	3.16513	3.08672	2.99734	2.96632	2.83204	2.83755	2.76294	2.89653	2.96151	3.00859	3.08982	2.95934	3.01424	3.08588	2.93858

MM_ikj	1.48526	1.4839	1.4837	1.48376	1.48375	1.60943	1.48433	1.48365	1.48368	1.48376	1.48363	1.48383	1.48364	1.53824	1.43251	1.43252

MM_B_ijk	1.71016	1.64695	1.64629	1.64674	1.64656	1.64727	1.70849	1.74652	1.59287	1.59267	1.62454	1.59441	1.59148	1.59151	1.59151	1.59149

Evaluation : N=82, type=float
MM_ijk	5.36769	4.7049	4.75089	4.81047	4.77943	4.80619	4.40723	3.5977	3.87251	5.73148	4.72181	5.02515	5.13605	4.55311	4.01813	4.20094

MM_ikj	1.91012	2.19578	1.84303	2.82111	2.11412	1.81119	1.92732	2.0888	1.98785	2.20231	1.84767	1.80685	1.84383	1.80625	1.80626	1.80624

MM_B_ijk	2.14582	2.07646	2.09676	2.24722	2.27579	3.02153	2.92867	2.78131	3.67813	2.55315	2.74485	2.77269	2.46847	2.30171	3.7594	2.26687

Evaluation : N=82, type=float
MM_ijk	3.4849	3.43975	3.28895	3.32501	3.17171	3.13284	3.10636	2.93323	3.19502	2.89042	3.66914	3.04131	2.8951	2.87948	2.9196	2.94199

MM_ikj	1.43445	1.57243	1.50041	1.43339	1.43256	1.43251	1.43253	1.43251	1.4326	1.43257	1.4326	1.43255	1.43252	1.47583	1.43279	1.43258

MM_B_ijk	1.64761	1.64713	1.64638	1.64703	1.64679	1.6463	1.64658	1.77182	1.64644	1.64651	1.64672	1.64619	1.64655	1.64661	1.64647	1.64662

