Evaluation : N=43, type=float
MM_ijk	3.20194	2.65623	2.65414	2.65336	2.65491	2.6577	2.65109	2.65357	2.65349	2.65646	2.6527	2.65325	2.65491	2.6539	2.65121	2.65326

MM_ikj	2.16443	2.16211	2.16146	2.16143	2.1615	2.16143	2.16156	2.16146	2.16148	2.16151	2.16151	2.16141	2.16148	2.16147	2.16151	2.16146

MM_B_ijk	2.38812	1.90979	1.91042	1.90865	1.91007	1.909	1.90984	2.31612	1.90568	1.90758	1.90679	1.90622	1.90649	1.90705	1.90703	1.90641

Evaluation : N=43, type=float
MM_ijk	3.21017	2.67973	2.71159	2.70879	2.83	3.12964	3.28288	2.67174	2.65364	2.69598	2.74039	2.70336	2.67653	2.68556	2.66842	2.6578

MM_ikj	2.1447	2.13857	2.18197	3.11108	2.17088	2.16751	2.16527	2.16146	2.16139	2.16141	2.16141	2.19381	2.23414	2.29021	2.44056	2.50989

MM_B_ijk	2.09309	2.05504	2.17363	2.84993	2.0042	1.9794	1.97874	1.97956	1.97837	1.98014	1.97898	1.97834	1.97806	1.97857	1.97735	1.9792

Evaluation : N=43, type=float
MM_ijk	3.30278	2.75996	2.75627	2.7613	2.76088	2.75837	2.75514	2.76329	2.75815	2.76041	3.15243	2.65354	2.65768	2.65853	2.65276	2.65285

MM_ikj	2.16438	2.16209	2.16143	2.16141	2.16146	2.16141	2.16148	2.16138	2.16143	2.16136	2.16143	2.16138	2.16143	2.16142	2.16142	2.16141

MM_B_ijk	1.96033	1.98067	1.98154	1.98169	1.98111	1.98151	1.97771	1.98156	1.97939	1.98233	2.31746	1.97954	1.97839	1.98043	1.98211	1.97998

