Evaluation : N=59, type=float
MM_ijk	3.1542	2.82971	2.82853	2.82475	3.28235	3.16517	2.72005	2.71852	2.71583	2.71569	2.71933	2.71929	2.71612	2.71817	2.74278	2.7762

MM_ikj	2.13499	2.13318	2.13307	2.13314	2.58684	3.11902	3.31783	2.67506	2.14504	2.17071	2.56006	2.12917	2.20736	2.15428	2.13607	2.57817

MM_B_ijk	1.93724	1.94282	1.87525	1.86704	1.86763	2.14971	2.14343	1.91784	2.79002	1.85	1.85127	1.85068	1.85179	1.85045	1.85003	1.85141

Evaluation : N=59, type=float
MM_ijk	3.63717	2.94438	2.94728	3.36093	2.84974	2.88986	3.25231	2.92304	3.07926	2.96105	3.07958	4.17952	3.76713	4.22528	3.94792	3.34425

MM_ikj	2.90618	3.40508	3.61059	2.75975	2.78928	2.52216	2.38425	2.40181	2.46594	2.72143	2.44088	2.55393	2.3324	2.27345	2.43364	2.19537

MM_B_ijk	1.89107	1.8802	1.87491	1.87637	2.17514	2.03154	2.0417	1.95668	1.97001	1.95031	1.92703	2.07188	1.85142	2.13006	1.8519	1.85136

Evaluation : N=59, type=float
MM_ijk	3.14998	2.82286	2.82778	2.82962	2.82651	2.82454	2.82757	2.86201	2.82772	2.82667	2.82739	2.82986	2.82759	3.20321	2.82934	2.82459

MM_ikj	2.22031	2.21866	2.28735	2.23457	2.24751	2.71111	2.33047	2.34831	2.59625	2.36604	2.28573	2.29628	2.2386	2.21808	2.21725	2.62857

MM_B_ijk	1.92815	1.92452	2.02272	2.09251	2.1843	2.42315	2.02513	1.92424	1.92437	2.31839	1.92502	1.92569	1.92442	1.92322	1.92488	1.92455

