Evaluation : N=254, type=float
MM_ijk	3.77547	3.31994	3.43113	3.2665	3.29547	3.26745	3.288	3.29879	3.48648	3.33148	3.29454	3.70792	3.68774	3.27324	3.2709	3.27365

MM_ikj	1.43287	1.42508	1.4192	1.4266	1.41628	1.42861	1.42167	1.42628	1.41386	1.45967	1.41366	1.42925	1.41488	1.43233	1.41168	1.43124

MM_B_ijk	1.53713	1.54783	1.53411	1.54492	1.54744	1.53227	1.5539	1.53022	1.67037	1.60079	1.56734	1.54156	1.55534	1.54817	1.52603	1.55327

Evaluation : N=254, type=float
MM_ijk	4.14985	3.59732	3.62005	3.47125	3.29012	3.28762	3.28133	3.2789	3.29271	3.30525	3.42133	3.28281	3.28825	3.27902	3.31063	3.30851

MM_ikj	1.41815	1.46013	1.41879	1.45407	1.44207	1.43853	1.45266	1.45084	1.51224	1.41493	1.46274	1.41607	1.47112	1.40891	1.46459	1.41247

MM_B_ijk	1.61096	1.54178	1.59731	1.60404	1.53522	1.61527	1.53728	1.60295	1.54236	1.59955	1.60035	1.5425	1.61169	1.53215	1.60727	1.54151

