Evaluation : N=231, type=float
MM_ijk	3.77549	3.37233	3.19898	3.25661	3.22643	3.21388	3.25807	3.2228	3.2308	3.21683	3.20511	3.19776	3.22468	3.222	3.21263	3.22252

MM_ikj	1.84987	1.86723	1.84583	1.86425	1.84523	1.8605	1.84924	1.86532	1.8604	1.85105	1.86	1.84835	1.86239	1.84538	1.86329	1.84848

MM_B_ijk	1.54255	1.55712	1.54122	1.55959	1.53717	1.556	1.54499	1.60812	1.56577	1.54235	1.56194	1.52719	1.56424	1.54226	1.54174	1.56331

Evaluation : N=231, type=float
MM_ijk	4.07824	3.99317	4.01268	3.99984	4.00318	3.99583	3.77914	3.26129	3.24849	3.20945	3.20871	3.19566	3.21613	3.21326	3.20971	3.21578

MM_ikj	1.84403	1.85797	1.88395	1.86548	1.84953	1.88429	1.85298	1.85792	1.85572	1.85775	1.86954	1.85128	1.87476	1.84316	1.86862	1.84166

MM_B_ijk	1.54565	1.55578	1.54973	1.5788	1.54148	1.55625	1.53697	1.54282	1.55694	1.54122	1.56016	1.53399	1.5536	1.53862	1.54484	1.55968

Evaluation : N=231, type=float
MM_ijk	3.93228	3.57778	3.24993	3.23535	3.21895	3.22607	3.21569	3.2236	3.22866	3.2345	3.23575	3.23691	3.2341	3.22428	3.20514	3.23645

MM_ikj	1.9093	1.83775	1.91322	1.84423	1.96883	1.84774	1.91968	1.84703	1.91842	1.85528	2.3814	1.90965	1.83979	1.92935	1.84246	1.91916

MM_B_ijk	1.52897	1.63289	1.54892	1.55039	1.62553	1.53226	1.63671	1.52886	1.63087	1.54823	1.5533	1.6289	1.54048	1.63028	1.56842	1.62277

