Evaluation : N=234, type=float
MM_ijk	3.99654	3.89032	3.89107	3.41394	3.26007	3.28022	3.2405	3.26749	3.24741	3.2556	3.25355	3.25124	3.25515	3.25916	3.25378	3.25507

MM_ikj	1.42626	1.44459	1.42161	1.42525	1.44933	1.41945	1.45485	1.41751	1.42899	1.45005	1.45214	1.44877	1.41907	1.43655	1.43764	1.42564

MM_B_ijk	1.56389	1.55832	1.56891	1.52577	1.55645	1.54237	1.53479	1.56295	1.53401	1.5619	1.52957	1.55259	1.54487	1.57113	1.55648	1.53663

Evaluation : N=234, type=float
MM_ijk	4.17197	4.07045	4.08006	3.69067	3.27105	3.26411	3.28362	3.2879	3.28519	3.27938	3.28626	3.26567	3.27451	3.2527	3.27766	3.27711

MM_ikj	1.48737	1.42672	1.46656	1.44073	1.43155	1.48604	1.42426	1.47602	1.43217	1.42913	1.48894	1.43528	1.48779	1.41974	1.47138	1.44287

MM_B_ijk	1.56453	1.63574	1.54037	1.62425	1.53409	1.6099	1.54635	1.61559	1.54847	1.54694	1.61497	1.5406	1.6291	1.53416	1.63669	1.52488

Evaluation : N=234, type=float
MM_ijk	4.33267	4.11896	4.29103	3.98317	3.34063	3.25288	3.27402	3.26182	3.25755	3.26744	3.26693	3.26769	3.26853	3.27324	3.27565	3.27341

MM_ikj	1.42027	1.47588	1.43729	1.42661	1.48592	1.42039	1.48624	1.42396	1.43076	1.48753	1.43167	1.48592	1.43701	1.46916	1.44335	1.41968

MM_B_ijk	1.62546	1.53074	1.63044	1.52727	1.62886	1.54003	1.58407	1.58613	1.59859	1.62094	1.53128	1.63477	1.53059	1.68543	1.67235	1.62937

