Evaluation : N=244, type=float
MM_ijk	3.98023	4.05634	3.75137	3.19878	3.12984	3.1462	3.14906	3.12573	3.15496	3.12131	3.12773	3.12228	3.12144	3.19657	3.21698	3.199

MM_ikj	0.356882	0.364564	0.362615	0.43082	0.37822	0.374874	0.356016	0.358098	0.356505	0.358627	0.358276	0.428188	0.382617	0.358469	0.360196	0.357357

MM_B_ijk	1.66741	1.59101	1.61751	1.60038	1.6655	1.6467	1.73575	1.63935	1.68586	1.63967	1.61498	1.54031	1.56147	1.54014	1.59173	1.53669

Evaluation : N=244, type=float
MM_ijk	6.41391	6.21295	4.95569	4.3015	3.88555	3.89208	3.40647	3.15641	3.12483	3.11579	3.12958	3.1332	3.13509	3.12731	3.14038	3.13574

MM_ikj	0.357176	0.349821	0.344265	0.344172	0.343534	0.347357	0.349975	0.344592	0.368382	0.356062	0.346759	0.344169	0.344359	0.343728	0.347039	0.349585

MM_B_ijk	1.5635	1.53365	1.56341	1.53642	1.56836	1.53515	1.56493	1.53556	1.56315	1.53342	1.57623	1.53769	1.57501	1.54667	1.56385	1.53855

Evaluation : N=244, type=float
MM_ijk	3.83681	3.74819	3.76851	3.76509	3.77267	3.72658	3.19296	3.14418	3.16205	3.15654	3.14696	3.14679	3.14394	3.17753	3.15108	3.14639

MM_ikj	0.349874	0.350381	0.349582	0.403339	0.363527	0.348946	0.343911	0.345323	0.343669	0.348857	0.344072	0.351638	0.401751	0.361594	0.346874	0.34656

MM_B_ijk	1.55282	1.61118	1.54646	1.61708	1.55824	1.60889	1.59942	1.56058	1.59985	1.56083	1.60654	1.55649	1.6157	1.54585	1.61402	1.545

