Evaluation : N=514, type=float
MM_ijk	3.65512	3.44771	3.45038	3.61514	3.43449	3.43842	3.44192	3.44177	3.44233	3.44319	3.43912	3.4388	3.43832	3.43904	3.44279	3.44877

MM_ikj	1.39589	1.39484	1.40078	1.39722	1.39646	1.3976	1.39744	1.40273	1.40003	1.5455	1.39933	1.38083	1.40784	1.39665	1.44815	1.39351

MM_B_ijk	1.58229	1.68187	1.58315	1.57984	1.5811	1.57889	1.5482	1.54586	1.54599	1.59075	1.58101	1.58096	1.57837	1.57297	1.57837	1.57785

Evaluation : N=514, type=float
MM_ijk	3.87452	3.47573	3.49495	3.57335	3.47618	3.67869	4.00115	3.56734	3.44973	3.54098	3.46558	3.50996	3.49319	3.4681	3.45835	3.50148

MM_ikj	1.39694	1.39394	1.39717	1.41581	1.43814	1.39492	1.3917	1.39487	1.39147	1.39413	1.39432	1.4383	1.40869	1.39048	1.39372	1.4092

MM_B_ijk	1.54586	1.54696	1.60233	1.58653	1.58504	1.5843	1.56227	1.5456	1.58602	1.55698	1.54577	1.57749	1.58107	1.58044	1.57974	1.60791

