Evaluation : N=265, type=float
MM_ijk	4.13876	4.11748	4.10138	3.8216	3.31372	3.27777	3.27724	3.29541	3.2735	3.27335	3.29736	3.29503	3.2844	3.28969	3.2765	3.27581

MM_ikj	1.84481	1.86768	1.84941	1.84675	1.83895	1.8468	1.84813	1.86616	1.84954	1.87363	1.85719	1.8509	1.83359	1.96052	1.8632	1.85624

MM_B_ijk	1.55046	1.55315	1.55495	1.53598	1.54599	1.55538	1.53982	1.55375	1.53838	1.54319	1.55877	1.53682	1.54687	1.55593	1.53495	1.54657

Evaluation : N=265, type=float
MM_ijk	4.16738	4.09742	4.09883	3.65739	3.4262	3.46297	3.46857	3.29077	3.31404	3.28226	3.29146	3.31271	3.29327	3.27954	3.31915	3.28234

MM_ikj	1.88084	1.87924	1.8618	1.83983	1.87619	1.87438	1.87175	1.83881	1.87673	1.88693	1.87826	1.84615	2.26566	2.07725	1.88523	1.88132

MM_B_ijk	1.53589	1.59372	1.60182	1.54017	1.59311	1.59605	1.53924	1.59208	1.60076	1.53533	1.59723	1.59074	1.53884	1.59752	1.57993	1.55572

