Evaluation : N=26, type=float
MM_ijk	3.92296	2.42	2.42114	2.41449	2.42427	2.41449	2.41944	2.41904	2.42222	2.4142	2.41329	2.41796	2.42393	2.42018	2.4204	2.41904

MM_ikj	1.6551	1.63188	1.62762	1.63041	1.63143	1.6283	1.62762	1.6283	1.62432	1.62887	1.62705	1.62466	1.62927	1.62602	1.62557	1.62949

MM_B_ijk	1.82909	1.82527	1.8024	1.81867	1.81771	1.81628	1.81776	1.82101	1.81304	1.82357	1.81697	1.81708	1.81862	1.8094	1.81236	1.80866

Evaluation : N=26, type=float
MM_ijk	3.99727	2.38945	2.38536	2.38991	2.38359	2.38763	2.38359	2.38547	2.38223	2.38883	2.382	2.38672	2.38097	2.38854	2.38245	2.38524

MM_ikj	1.77794	1.75688	1.75927	1.75671	1.75552	1.75967	1.75461	1.75819	3.71216	1.69191	1.68815	1.68872	1.6918	1.68702	1.69037	1.69054

MM_B_ijk	1.90214	1.89008	1.88183	1.9002	1.88103	1.88086	1.88683	1.88297	1.87978	1.89326	1.88376	1.87722	1.88422	1.89167	1.88672	1.88536

Evaluation : N=26, type=float
MM_ijk	4.18946	2.61567	2.6147	2.60509	2.61692	2.61072	2.61174	2.61061	2.60924	2.61703	2.611	2.61339	2.61345	2.61692	2.61305	2.61026

MM_ikj	1.77583	1.76001	1.75962	1.75449	1.75871	1.75734	1.75518	1.75967	1.75518	1.75723	3.9942	2.81105	2.72229	2.70164	2.46706	2.22821

MM_B_ijk	2.00063	1.97024	1.96114	1.96427	1.95676	1.96979	1.95756	1.95949	1.96643	2.52623	3.23356	3.05115	1.96871	1.96893	1.97013	1.95932

