Evaluation : N=221, type=float
MM_ijk	3.9265	3.82758	3.81294	3.41741	3.19306	3.19679	3.20792	3.18222	3.18066	3.22399	3.21275	3.19401	3.17429	3.18858	3.20151	3.19856

MM_ikj	1.84067	1.85605	1.85915	1.8421	1.8773	1.84013	1.87045	1.83249	1.87267	1.83569	1.85751	1.85394	1.84488	1.86278	1.83603	1.86638

MM_B_ijk	1.52968	1.53851	1.56013	1.55284	1.55664	1.53918	1.56004	1.63861	1.53407	1.5635	1.62063	1.53064	1.63968	1.54021	1.53586	1.64118

Evaluation : N=221, type=float
MM_ijk	4.076	3.97752	4.00063	3.99683	3.96301	3.96836	3.37717	3.20593	3.22924	3.17604	3.2106	3.19332	3.21682	3.18451	3.18577	3.18415

MM_ikj	1.8558	1.86116	1.84824	1.87072	1.84724	1.87013	1.84135	1.86578	1.84093	1.85191	1.86569	1.84863	1.8702	1.84693	1.86778	1.84021

MM_B_ijk	1.54877	1.54784	1.54531	1.5525	1.5355	1.54587	1.57192	1.53628	1.53739	1.56729	1.54336	1.55244	1.53863	1.54544	1.55959	1.52647

Evaluation : N=221, type=float
MM_ijk	4.06265	3.99394	4.32685	3.91206	3.42547	3.7516	3.4093	3.19816	3.22513	3.22094	3.21694	3.1649	3.21403	3.22218	3.23066	3.19241

MM_ikj	1.86896	1.85143	1.91786	1.8466	1.9294	1.83818	1.93101	1.83595	1.92231	1.8492	1.85215	1.92293	1.84888	1.9367	1.83815	1.93603

MM_B_ijk	1.53082	1.58154	1.62316	1.53482	1.64598	1.54607	1.5436	1.6451	1.53078	1.62539	1.57181	1.53487	1.64291	1.54512	1.5466	1.65107

