Evaluation : N=94, type=float
MM_ijk	3.2507	3.09208	3.0662	2.97608	2.97625	2.9762	3.00703	2.97829	2.99048	3.16227	3.13364	3.01839	3.06084	3.26585	2.978	2.97816

MM_ikj	1.5351	1.64248	1.53452	1.53452	1.5346	1.53456	1.5345	1.53459	1.57499	1.5346	1.53458	1.5345	1.53461	1.53458	1.5345	1.55274

MM_B_ijk	1.8761	1.76455	1.76477	1.76622	1.76586	1.80467	1.78469	1.90357	1.79737	1.77293	1.79108	1.98594	1.867	1.76557	1.76463	1.76525

Evaluation : N=94, type=float
MM_ijk	3.50548	3.39407	3.37752	3.22644	3.35784	3.2159	3.21516	3.2522	3.21377	3.21574	3.21402	3.29143	3.21628	3.22164	3.34053	3.21589

MM_ikj	1.65794	1.65734	1.65756	1.71771	1.67576	1.83611	1.90913	1.67236	1.66739	1.77284	1.82009	1.65739	1.65727	1.65726	1.65726	1.65728

MM_B_ijk	2.04585	1.90718	1.90667	1.90666	1.90696	1.90704	1.93519	1.90683	1.90718	1.90634	1.90619	1.97569	2.07321	1.90655	1.90764	1.91861

Evaluation : N=94, type=float
MM_ijk	4.74655	4.40728	4.32258	3.84966	4.06977	4.07468	3.50816	3.84371	4.0895	3.63963	4.17799	3.76665	3.55741	3.43924	4.21977	4.81061

MM_ikj	2.0364	2.3141	2.15314	2.11922	2.15876	2.12004	2.94042	2.31332	2.13577	2.16374	2.31172	1.94686	1.87808	1.9203	1.84845	1.73931

MM_B_ijk	2.03159	1.9906	1.98711	2.70879	3.31708	3.91114	3.65911	2.99231	3.09137	3.02131	3.03043	3.535	3.70178	3.45087	2.49736	3.10552

