Evaluation : N=106, type=float
MM_ijk	3.61704	3.32718	3.34766	3.3296	3.35465	3.35826	3.51332	3.42858	3.35953	3.39555	3.32956	3.40788	3.32966	3.34629	3.32997	3.42028

MM_ikj	1.65513	1.65392	1.70107	1.75922	1.79021	1.68303	1.74691	1.6547	1.72232	1.65401	1.65392	1.65389	1.65385	1.67219	1.6539	1.65392

MM_B_ijk	1.90652	2.00372	1.90558	1.90554	1.90544	1.92351	1.9056	1.9487	2.10908	2.01699	1.9937	1.95839	1.90575	1.94996	2.24301	2.53635

Evaluation : N=106, type=float
MM_ijk	3.52713	3.34357	3.32791	3.4471	3.32985	3.37925	3.5166	3.91526	3.52775	3.62092	3.56773	3.60564	3.44646	3.44996	3.32971	3.32914

MM_ikj	1.67576	2.25537	1.88072	1.78534	1.81363	1.65644	1.68622	1.69339	1.74832	1.71679	1.6988	1.66138	1.56851	1.52033	1.48595	1.57257

MM_B_ijk	1.69893	1.74311	1.64314	1.64255	1.64308	1.74229	2.86745	2.17416	1.71676	1.7213	1.78916	1.58883	1.79365	1.66404	1.68476	1.58793

Evaluation : N=106, type=float
MM_ijk	3.78601	3.52255	3.32724	3.56137	3.60412	3.56537	3.66134	3.37955	3.55401	3.46475	3.54355	3.34064	3.46018	3.53853	3.72742	3.80987

MM_ikj	1.74228	1.73522	1.70436	1.72698	1.67143	1.74719	1.66441	1.65387	1.73848	1.74665	1.65388	1.65392	1.65389	1.7173	1.72592	1.80553

MM_B_ijk	1.90597	2.11859	2.08367	3.00097	2.00796	1.96734	3.75109	3.43358	2.97638	3.31134	3.39775	3.35068	3.44611	3.45048	3.34753	2.91076

