Evaluation : N=66, type=float
MM_ijk	3.18306	2.90461	2.9012	2.90456	2.90138	2.90498	2.90061	2.90538	3.0451	2.905	2.90216	2.90452	2.90299	2.90398	2.90307	2.90435

MM_ikj	1.67217	1.67044	1.67049	1.6702	1.67038	2.31516	1.67024	1.6705	1.67016	1.67044	1.67028	1.6703	1.67042	1.67018	1.6705	1.67015

MM_B_ijk	1.93316	1.89661	1.89601	2.05571	2.04829	1.89563	1.98101	1.89564	1.89476	2.19454	1.89544	2.25263	1.89459	1.89523	1.89564	2.90671

Evaluation : N=66, type=float
MM_ijk	3.40438	3.44467	4.44309	4.84359	3.34977	3.02389	3.02786	3.037	3.19761	3.02722	4.00389	4.6683	8.10287	3.43119	3.31533	5.74214

MM_ikj	2.04915	2.35093	1.76457	1.7398	1.74217	1.78099	1.80044	2.84519	1.78157	3.34384	1.91257	1.79967	1.81372	1.89758	1.74266	1.93718

MM_B_ijk	3.53033	3.0976	2.07795	2.06989	2.07722	2.14235	2.28444	2.24889	6.09589	2.66114	2.66932	2.38373	4.78797	3.40318	2.32403	2.07369

Evaluation : N=66, type=float
MM_ijk	3.05523	2.79315	2.79358	2.79385	2.79319	2.79213	2.88177	2.68562	2.686	2.89652	2.59143	2.59105	2.59206	2.63596	2.50385	2.50405

MM_ikj	1.44142	1.89313	1.4914	1.71305	1.49135	1.49135	1.49134	1.63	1.85231	2.32763	2.21023	1.96152	1.68932	1.5102	1.73567	1.53942

MM_B_ijk	1.75213	1.71875	1.69617	1.69278	1.72658	1.69469	1.70063	1.9189	1.88226	1.67054	2.18897	1.63403	1.76071	1.8508	1.58004	1.58013

