Evaluation : N=184, type=float
MM_ijk	3.71475	3.72225	3.65022	3.69772	3.66659	3.82887	3.63797	3.70301	3.66767	3.68409	3.65428	3.68585	3.40745	3.1416	2.92905	3.06062

MM_ikj	0.357023	0.354589	0.354647	0.346485	0.346008	0.346003	0.348668	0.346125	0.345973	0.345966	0.34596	0.350007	0.346124	0.345957	0.359567	0.358946

MM_B_ijk	1.58146	1.55365	1.53445	1.53479	1.54825	1.59352	1.53974	1.53455	1.5564	1.61271	1.58616	1.53532	1.53479	1.5517	1.57597	1.55603

Evaluation : N=184, type=float
MM_ijk	3.76183	3.29849	3.24397	3.09743	3.05549	2.9466	3.05653	2.96119	2.94911	3.00395	2.95308	2.98741	2.95266	2.95286	2.99605	2.93928

MM_ikj	0.361191	0.345615	0.346954	0.351251	0.351871	0.382481	0.350801	0.355662	0.368462	0.346724	0.345905	0.351404	0.346304	0.3464	0.345913	0.349364

MM_B_ijk	1.59458	1.54791	1.59449	1.54021	1.53459	1.56608	1.55635	1.58928	1.54021	1.53467	1.56567	1.58052	1.57211	1.53586	1.55724	1.5553

Evaluation : N=184, type=float
MM_ijk	4.28237	4.04228	4.11146	4.20987	4.06883	3.80676	3.36589	3.38857	3.26108	3.32133	3.27054	3.33383	3.28923	3.25851	3.49856	3.23464

MM_ikj	0.358858	0.515706	0.428799	0.424303	0.375272	0.352685	0.346473	0.504111	0.405276	0.347796	0.345684	0.444901	0.345632	0.357166	0.34567	0.499764

MM_B_ijk	1.84075	1.74661	1.69624	1.75486	1.74858	1.88697	1.63727	1.7484	1.66276	2.04489	1.68906	1.70512	1.71635	1.89253	1.77913	1.64817

