Evaluation : N=343, type=float
MM_ijk	4.02978	3.78055	3.34234	3.34287	3.34225	3.34193	3.34282	3.34212	3.34111	3.34141	3.35672	3.35032	3.35565	3.34344	3.3433	3.34388

MM_ikj	1.8283	1.83233	1.83331	1.8237	1.83605	1.83276	1.82752	1.84894	1.83648	1.84044	1.83557	1.83655	1.83402	1.83559	1.82652	1.83248

MM_B_ijk	1.54524	1.55232	1.54188	1.54716	1.54858	1.54488	1.55326	1.54245	1.54538	1.55209	1.54102	1.54875	1.54685	1.54301	1.56149	1.54323

Evaluation : N=343, type=float
MM_ijk	3.62653	3.34469	3.35815	3.52063	3.35716	3.36587	3.35357	3.35735	3.35638	3.35408	3.3541	3.35808	3.35647	3.3573	3.35593	3.35663

MM_ikj	1.86159	1.84087	1.86226	1.85757	1.84588	1.86065	1.85574	1.8468	1.86645	1.85664	1.84892	1.86595	1.85778	1.90196	1.85756	1.85226

MM_B_ijk	1.58019	1.56534	1.5935	1.56412	1.59513	1.5692	1.56776	1.59537	1.56501	1.58155	1.54602	1.54727	1.55068	1.5414	1.55038	1.54594

