Evaluation : N=95, type=float
MM_ijk	3.38307	3.373	3.29192	3.19934	3.19505	3.23067	3.19969	3.19439	3.22391	3.19604	3.20064	3.29721	3.21782	3.20044	3.23157	3.52542

MM_ikj	2.31952	2.37135	2.40369	2.48912	2.30261	2.30269	2.30269	2.32857	2.30308	2.30262	2.3026	2.30267	2.32618	2.30387	2.40913	2.30258

MM_B_ijk	1.84173	1.86399	1.84186	1.84134	1.84285	1.89066	1.9536	1.97176	1.98861	1.86267	1.95814	1.90287	1.88807	1.84185	1.84218	1.84167

Evaluation : N=95, type=float
MM_ijk	3.52662	3.32312	3.36789	4.12036	3.75755	3.39731	3.49549	3.46451	3.3565	3.40368	3.32928	3.32834	3.4904	3.42457	3.37272	3.37275

MM_ikj	2.39552	2.39637	2.43506	3.11741	3.84362	2.64241	2.39768	2.5357	2.6348	2.44693	2.42183	2.67549	2.40152	2.39558	2.42081	2.51133

MM_B_ijk	2.00307	1.98147	1.98704	1.91588	1.98888	1.9202	1.9156	1.91742	1.96081	2.19745	3.00546	2.22323	1.98459	1.92427	2.01297	1.97936

Evaluation : N=95, type=float
MM_ijk	3.49747	3.45217	4.12934	4.03571	3.81237	3.48872	3.32282	3.32707	3.6499	3.50718	3.441	3.7084	3.32382	3.33454	3.4297	3.6294

MM_ikj	2.59285	2.53277	2.71314	2.77257	2.7206	2.50201	2.39474	2.49251	2.41706	2.53043	2.54038	2.39247	2.5943	2.45973	2.44356	2.39486

MM_B_ijk	1.93142	2.3152	2.02431	2.11753	2.15404	1.91695	2.10749	2.22678	2.1724	1.94033	2.31918	3.27903	3.40043	3.4139	3.35311	2.762

