Evaluation : N=117, type=float
MM_ijk	3.5291	3.38963	3.37466	3.40533	3.54237	3.62949	3.42335	3.37411	3.38852	3.39539	3.44715	3.38726	3.5445	3.49573	3.3746	3.40488

MM_ikj	2.27571	2.26282	2.2626	2.28121	2.33222	2.28448	2.31072	2.40392	2.37111	2.26406	2.28881	2.26298	2.3409	2.72326	2.26375	2.29154

MM_B_ijk	1.81505	1.81135	1.68949	1.63875	1.63559	1.62167	1.64762	1.57003	1.57257	1.59087	1.56896	1.58696	1.518	1.5276	1.51918	1.5221

Evaluation : N=117, type=float
MM_ijk	4.74184	3.69502	3.73837	4.12001	3.90346	3.79468	4.34104	4.00121	4.07328	4.12434	3.72843	3.93448	3.57004	4.66838	4.4034	3.60166

MM_ikj	3.93531	2.67735	2.73491	2.40431	2.99712	2.73066	3.24182	2.49642	3.0068	2.64509	2.46299	2.45869	2.11579	2.20047	3.03169	2.11213

MM_B_ijk	2.14078	2.13128	1.7856	2.5525	1.97375	1.82724	2.1701	1.79271	1.65287	1.62473	2.32147	1.97608	1.79797	1.85446	1.60544	1.63447

Evaluation : N=117, type=float
MM_ijk	3.99607	4.08012	3.95519	4.08952	3.77346	3.61785	3.63139	3.73541	3.98198	3.69053	3.74158	3.831	3.59515	3.51032	3.55893	4.31083

MM_ikj	2.48652	2.47526	2.44026	2.3546	2.50393	2.44063	2.37699	2.3533	2.42794	2.37254	2.39744	2.46229	2.47891	2.63798	2.67636	2.3868

MM_B_ijk	2.06246	1.88278	1.90421	1.88758	1.8838	1.90426	1.88385	1.98342	2.02777	2.00768	1.94356	1.90279	1.88354	1.89582	1.9321	3.10439

