Evaluation : N=127, type=float
MM_ijk	3.72652	3.50661	3.46391	3.45079	3.50622	3.52139	3.55541	3.71468	3.45148	3.46239	3.50617	3.46893	3.58657	3.45151	3.46794	3.45955

MM_ikj	2.24909	2.37251	2.57788	2.39407	2.3277	2.25033	2.26164	2.24911	2.26184	2.29074	2.26154	2.24935	2.27579	2.04738	1.98365	1.95098

MM_B_ijk	1.999	1.92072	1.92623	1.87759	1.85877	1.91107	1.85876	1.86447	1.96821	1.86983	1.90208	1.85877	1.86898	1.85877	1.86739	1.85877

Evaluation : N=127, type=float
MM_ijk	3.69335	3.53434	3.46505	3.68929	3.6953	3.5066	3.50612	3.45137	3.49771	3.51131	3.64867	3.45146	3.46905	3.46036	3.46082	3.51887

MM_ikj	2.37703	2.34999	2.58004	2.37913	2.24931	2.25456	2.24913	2.2774	2.25285	2.32189	2.31895	2.38755	2.2636	2.24932	2.25395	2.249

MM_B_ijk	2.27618	2.38466	2.43798	2.34509	2.3096	2.21628	2.23384	2.2162	2.22238	2.21622	2.27167	2.2657	2.22989	2.32873	2.3037	2.21643

Evaluation : N=127, type=float
MM_ijk	3.74442	4.09091	4.07192	3.58019	3.22858	3.13461	3.09358	3.14321	3.37009	3.57081	3.52123	3.45129	3.46524	3.50171	3.7984	3.76111

MM_ikj	2.41287	2.29894	2.32715	2.26168	2.25944	2.29589	2.29756	2.30535	2.44657	2.33153	2.25018	2.26241	2.33416	2.29028	2.25257	2.30894

MM_B_ijk	2.2322	2.32905	2.28134	2.21627	2.22256	2.21618	2.2741	2.21618	2.22931	2.2581	2.23038	2.19228	1.99699	1.96132	1.94397	1.93169

