Evaluation : N=262, type=float
MM_ijk	4.14191	3.99402	3.9939	4.02916	3.53583	3.33715	3.35827	3.32796	3.33373	3.3614	3.32891	3.33684	3.3525	3.33279	3.33621	3.34887

MM_ikj	1.41614	1.45437	1.41722	1.44848	1.44969	1.42127	1.45968	1.41493	1.45656	1.42685	1.44345	1.45412	1.41134	1.46413	1.41468	1.45589

MM_B_ijk	1.58893	1.95877	1.81401	1.57557	1.53187	1.56115	1.53682	1.54141	1.55515	1.53859	1.70522	1.74342	1.53947	1.59358	1.59157	1.56596

Evaluation : N=262, type=float
MM_ijk	4.18336	4.14982	4.16559	4.04282	3.46898	3.32702	3.32319	3.33543	3.32139	3.32475	3.33761	3.32632	3.31867	3.32974	3.32656	3.31887

MM_ikj	1.45432	1.4349	1.62737	1.62545	1.56951	1.5686	1.4655	1.4194	1.45969	1.40982	1.48106	1.41632	1.45281	1.4489	1.41787	1.45739

MM_B_ijk	1.53767	1.59267	1.58615	1.54091	1.59738	1.56893	1.55743	1.60321	1.53367	1.60402	1.594	1.53383	1.59974	1.58185	1.54598	1.6013

