Evaluation : N=157, type=float
MM_ijk	4.00433	3.76839	3.74716	3.93353	3.77125	3.74349	3.87969	3.89697	3.99712	4.36143	4.63695	3.76125	3.85631	3.75413	3.76888	3.6791

MM_ikj	2.03429	1.98935	1.90444	1.90668	1.8721	1.94238	1.89877	1.86132	1.86513	1.87627	1.89171	1.94201	1.89555	1.94675	1.89951	1.87975

MM_B_ijk	1.52842	1.5914	1.5947	1.5577	1.5263	1.53126	1.53975	1.57377	1.53638	1.59702	1.55988	1.53521	1.8575	2.94525	2.59641	2.40001

Evaluation : N=157, type=float
MM_ijk	3.96336	3.81484	3.753	3.84777	3.76763	3.7298	3.82366	3.76009	3.80901	3.77421	3.8139	3.74798	3.89631	3.81336	3.7257	3.75526

MM_ikj	2.41223	2.32299	2.09378	2.01797	1.99728	2.00927	1.90039	1.86372	1.86075	1.86342	1.88487	1.93443	2.03484	1.86235	1.86771	1.86375

MM_B_ijk	1.52891	1.55095	1.59494	1.54234	1.52641	1.52877	1.55491	1.52629	1.52912	1.58688	1.54124	1.53286	1.52875	1.52621	1.54238	1.55105

Evaluation : N=157, type=float
MM_ijk	4.01799	3.74074	3.63375	3.73089	3.33309	3.27774	3.32035	3.13655	3.20373	3.13958	3.12947	3.03038	3.01861	3.03886	3.18755	3.01632

MM_ikj	1.86981	1.89399	1.87912	2.03596	1.91668	1.86573	1.86081	1.88905	1.90376	2.0699	1.89439	1.89487	1.86107	1.88186	1.89712	2.03688

MM_B_ijk	1.60978	1.845	1.53786	1.55166	1.54626	1.55954	1.78995	1.56132	1.55737	1.53103	1.52645	1.54715	1.56658	1.75624	1.62345	1.55517

