Evaluation : N=151, type=float
MM_ijk	3.84604	3.61446	3.1785	3.0309	3.17273	3.11148	2.99709	3.00494	3.03461	3.16783	3.14228	3.12458	3.16877	3.11943	3.01476	3.00777

MM_ikj	1.8867	1.90908	2.07615	1.93695	1.87805	1.8705	1.88596	1.86705	1.91156	2.08173	1.90344	1.86647	1.87052	1.90978	1.86706	1.88645

MM_B_ijk	1.78841	1.59051	1.53747	1.52949	1.52492	1.55052	1.55063	1.55591	1.80759	1.55579	1.68928	1.52474	1.53644	1.55079	1.52683	1.55457

Evaluation : N=151, type=float
MM_ijk	3.906	3.78593	3.71621	3.75953	3.84533	3.73961	3.74917	3.79448	3.76155	3.73638	3.85308	3.69016	3.20808	3.25647	3.01974	3.10158

MM_ikj	1.92162	1.87248	1.86753	1.90155	1.87329	1.95196	1.91547	1.88296	1.87406	1.86778	1.91249	2.00654	1.95998	1.89327	1.87689	1.87044

MM_B_ijk	1.52547	1.56821	1.52582	1.59541	1.5692	1.54961	1.53409	1.5252	1.52828	1.52907	1.55253	1.66651	1.59635	1.58668	1.53524	1.52546

Evaluation : N=151, type=float
MM_ijk	5.14614	4.46354	5.05729	4.90628	4.84064	5.17377	5.18877	5.32204	5.32717	4.81762	4.11967	4.67701	4.33954	4.54004	4.24302	4.29294

MM_ikj	2.12029	2.44191	2.26599	2.44614	2.43968	2.06615	2.41014	2.33014	2.49582	2.33934	2.05153	2.38602	2.07888	2.14528	2.06385	2.13123

MM_B_ijk	1.94248	1.77999	1.63708	1.52799	1.90068	1.7568	1.55571	2.19405	1.90255	1.67589	2.04134	1.60872	1.65674	1.83082	1.73928	1.91168

