Evaluation : N=291, type=float
MM_ijk	4.02941	3.96705	3.9571	3.63303	3.31081	3.3209	3.98246	4.1183	3.69314	3.58852	3.54158	3.45448	3.32945	3.31324	3.30171	3.30517

MM_ikj	1.84402	2.47674	1.84683	1.84193	1.84077	1.84375	1.84507	1.84689	1.84589	1.84524	1.84494	1.88541	2.53901	3.79121	2.26506	2.44167

MM_B_ijk	1.78572	1.66408	1.76157	1.59757	1.54576	1.544	1.5467	1.54834	1.54671	1.53867	1.53704	1.54676	1.54792	1.55601	1.55628	1.55641

Evaluation : N=291, type=float
MM_ijk	3.68592	3.34342	3.31368	3.3099	3.30983	3.30455	3.30946	3.31616	3.30424	3.30701	3.30331	3.30949	3.30783	3.30363	3.3022	3.29983

MM_ikj	1.83858	1.839	1.83525	1.88764	1.9112	1.85011	1.85906	1.85998	1.85914	1.85753	1.85921	1.87427	1.85617	1.86355	1.8586	1.85539

MM_B_ijk	1.57752	1.57634	1.57623	1.58257	1.58101	1.57394	1.5403	1.57809	1.57621	1.57625	1.8872	1.74299	1.64921	1.63533	1.57616	1.57079

