Evaluation : N=335, type=float
MM_ijk	3.68179	3.354	3.35342	3.3423	3.3435	3.33968	3.33841	3.33995	3.35536	3.35547	3.34478	3.36797	3.3604	3.38314	3.36412	3.34501

MM_ikj	1.84088	1.91679	1.84079	1.85021	1.82992	1.84591	1.83263	1.84228	1.83333	1.88112	1.82706	1.8315	1.84071	1.83282	1.832	1.82979

MM_B_ijk	1.55251	1.55784	1.55687	1.5485	1.56095	1.55532	1.55215	1.55297	1.5607	1.54962	1.54968	1.56081	1.57327	1.56732	1.59243	1.57503

Evaluation : N=335, type=float
MM_ijk	3.67174	3.34266	3.35214	3.33223	3.33661	3.32992	3.33458	3.33617	3.33709	3.35483	3.33368	3.33572	3.34691	3.35504	3.34369	3.34577

MM_ikj	1.86138	1.84158	1.86184	1.84336	1.85663	1.85975	1.83911	1.86248	1.84186	1.86207	1.83719	1.8632	1.84179	1.87058	1.85673	1.85867

MM_B_ijk	1.57495	1.59821	1.57747	1.57333	1.60416	1.57402	1.57494	1.59836	1.57906	1.57249	1.82629	1.55242	1.55089	1.56074	1.55593	1.55593

