Evaluation : N=154, type=float
MM_ijk	3.91074	3.98251	3.90013	3.77569	3.93707	3.96623	3.78551	3.81054	4.06486	3.82006	3.26763	3.44415	3.14593	3.04952	3.15219	3.21372

MM_ikj	1.55713	1.46962	1.46417	1.46977	1.46409	1.49966	1.47057	1.62499	1.52195	1.45454	1.46029	1.46067	1.45308	1.47262	1.47587	1.64217

MM_B_ijk	1.60266	1.52233	1.52805	1.52188	1.52697	1.5692	1.5637	1.97966	1.58934	1.52202	1.5257	1.52415	1.52187	1.57775	1.65376	1.58592

Evaluation : N=154, type=float
MM_ijk	3.92163	3.92916	3.90126	3.81329	3.77776	3.88929	3.83298	3.78295	3.86129	4.18991	4.7264	4.27492	4.14143	5.85056	5.76914	3.8031

MM_ikj	2.31172	2.05527	2.63102	1.69606	1.56973	1.58831	1.55921	1.54016	1.78122	1.67815	2.61015	1.69072	1.52859	1.68588	1.54118	1.67096

MM_B_ijk	1.64619	1.55395	1.52156	1.52761	1.52637	1.52165	1.57751	1.75971	1.58149	1.56053	1.52173	1.52887	1.52633	1.5467	1.55265	1.7962

Evaluation : N=154, type=float
MM_ijk	3.76643	3.49348	3.35856	3.3971	3.31212	3.20854	3.27259	3.29889	3.10425	3.07454	3.44653	3.14795	3.07541	3.15806	3.1752	3.04642

MM_ikj	1.48088	1.49744	1.45926	1.60544	1.53277	1.52082	1.47488	1.46936	1.464	1.47274	1.48373	1.55446	1.57409	1.49052	1.47258	1.47009

MM_B_ijk	1.52234	1.54498	1.55333	1.68902	1.69678	1.58885	1.53101	1.52731	1.52196	1.59384	1.61184	1.7456	1.59019	1.55348	1.52218	1.52687

