Evaluation : N=123, type=float
MM_ijk	3.68965	3.61151	3.64951	3.83324	3.76099	3.60423	3.62662	3.5763	3.56131	3.64888	3.8451	3.66578	3.57636	3.56131	3.57414	3.7158

MM_ikj	2.3754	2.74329	2.37024	2.45733	2.4502	2.46496	2.34554	2.35892	2.3443	2.35882	2.37501	2.78335	2.37396	2.39297	2.34465	2.35618

MM_B_ijk	1.89938	1.94327	1.89904	1.89924	2.16316	2.04348	2.38126	1.97404	1.95611	1.94349	1.89923	1.91497	1.89895	1.95347	1.89897	1.89929

Evaluation : N=123, type=float
MM_ijk	3.55885	3.52695	3.64194	3.61737	3.62606	3.45287	3.43343	3.424	3.48665	3.61365	3.54913	3.54382	3.64321	3.99822	3.42406	3.48126

MM_ikj	2.56769	2.37511	2.33077	2.25508	2.32457	2.43005	2.43298	2.25523	2.26698	2.25391	2.30492	2.35816	2.35037	2.28091	2.25411	2.29955

MM_B_ijk	1.82646	1.90377	1.87198	1.82592	1.88905	1.83088	1.84734	2.06101	1.90041	1.92742	1.82625	1.84152	1.82768	1.87032	1.84479	1.82621

Evaluation : N=123, type=float
MM_ijk	3.68489	3.59887	3.77335	3.6925	3.56099	3.5959	3.57649	3.67932	3.56794	3.72131	3.61541	3.57184	3.56069	3.57792	3.65886	3.66295

MM_ikj	2.73959	2.55352	2.37554	2.71921	3.12488	2.71264	2.43879	2.34824	2.60249	2.7628	2.4863	2.4471	2.49864	2.78134	2.48373	2.40145

MM_B_ijk	1.962	1.9404	2.16555	2.5767	1.95953	2.0235	1.93099	1.97322	1.90068	2.0172	1.96055	1.89894	1.91479	1.89996	3.55453	3.19223

