Evaluation : N=114, type=float
MM_ijk	3.65945	3.35009	3.31949	3.47667	3.48528	3.38951	3.26625	3.27865	3.26644	3.27668	3.29995	3.35304	3.61109	3.36167	3.42586	3.26635

MM_ikj	1.60594	1.5886	1.58857	1.58858	1.60163	1.58855	1.58855	1.64609	1.63728	1.58857	1.62518	1.94271	1.78262	1.6059	1.60869	1.64361

MM_B_ijk	1.86554	2.01412	1.95954	1.82906	1.82888	2.06282	1.86752	1.82914	1.8349	1.84641	1.82915	1.99777	2.45615	1.84674	1.89167	1.87817

Evaluation : N=114, type=float
MM_ijk	3.70222	3.5317	3.47209	3.62174	3.46165	3.46079	3.45445	3.43597	3.4552	3.42122	3.40992	3.49719	3.60094	3.48059	3.42145	3.39703

MM_ikj	1.668	1.65215	1.65214	1.66278	1.71593	1.65212	1.6521	1.73955	1.69548	1.79619	2.16298	1.74105	1.72624	2.56965	1.75861	1.65263

MM_B_ijk	1.903	2.06437	1.90226	1.90222	1.91951	1.90215	1.90225	1.91861	2.01799	2.12106	1.96785	2.04231	1.90197	1.92233	1.95384	1.94328

Evaluation : N=114, type=float
MM_ijk	3.57501	3.48764	3.47558	3.73825	3.64499	3.3971	3.48149	3.39714	3.80608	3.90089	3.92645	4.23546	4.61936	4.55109	4.46984	4.48941

MM_ikj	2.17447	2.23796	2.29968	2.21969	2.63615	2.36463	2.2903	2.29778	2.17403	2.42582	3.28953	2.36558	2.1741	2.17385	2.28597	2.17889

MM_B_ijk	2.62569	3.29105	2.66039	2.95855	2.64535	2.50324	2.60986	2.52864	2.50262	2.64856	2.59192	2.78306	3.23781	2.61515	2.76	2.5584

