Evaluation : N=229, type=float
MM_ijk	4.05797	3.98754	4.00678	3.97694	3.98389	3.97732	3.41914	3.25532	3.2112	3.21389	3.23926	3.20235	3.20919	3.20432	3.20657	3.21337

MM_ikj	1.84435	1.86555	1.8414	1.88098	1.84254	1.89067	1.84008	1.85626	1.83961	1.86114	1.84186	1.87794	1.84407	1.89627	1.84292	1.85626

MM_B_ijk	1.52201	1.54962	1.53426	1.53189	1.54319	1.52118	1.55084	1.52564	1.53124	1.5439	1.53229	1.54315	1.52112	1.53351	1.54171	1.53111

Evaluation : N=229, type=float
MM_ijk	4.06073	3.86228	4.01825	4.17598	3.92979	3.97164	3.77504	3.44953	3.2537	3.28796	3.23029	3.22046	3.22278	3.20463	3.22167	3.22629

MM_ikj	1.90762	1.85561	1.9168	1.84455	1.90708	1.85313	1.91367	1.84589	1.91673	1.85338	1.9084	1.85205	1.91179	1.84573	1.90772	1.85103

MM_B_ijk	1.61598	1.54856	1.55993	1.62906	1.52426	1.62105	1.537	1.54369	1.62085	1.53548	1.62754	1.52424	1.6162	1.55398	1.529	1.63188

Evaluation : N=229, type=float
MM_ijk	3.9304	3.8552	3.88482	3.85903	3.85495	3.72387	3.27598	3.22799	3.26125	3.22202	3.20354	3.20642	3.22583	3.23043	3.23212	3.23051

MM_ikj	1.84662	1.92063	1.85213	1.92312	1.84585	1.91676	1.83805	1.92675	1.83838	1.9194	1.87045	1.899	1.8408	1.91883	1.84147	1.91368

MM_B_ijk	1.53367	1.63287	1.53713	1.54233	1.61416	1.52979	1.62676	1.52418	1.61705	1.55086	1.54363	1.62992	1.54002	1.62709	1.53611	1.56174

