Evaluation : N=253, type=float
MM_ijk	4.11103	4.0231	4.04545	4.01979	3.66501	3.26051	3.24794	3.23227	3.24661	3.2526	3.27872	3.26402	3.25799	3.24752	3.24673	3.2514

MM_ikj	1.88751	1.88207	1.84413	1.88128	1.87825	1.83606	1.88273	1.88352	1.84215	1.86692	1.85336	1.84221	1.84461	1.84462	2.03749	1.88376

MM_B_ijk	1.59174	1.55242	1.64811	1.58376	2.84419	2.14175	1.73215	1.70098	1.7078	1.65762	1.69333	1.68231	1.63665	1.66087	1.64533	1.65422

Evaluation : N=253, type=float
MM_ijk	3.89408	3.73039	3.7509	3.76156	3.72842	3.3764	3.26644	3.26763	3.24371	3.24933	3.24806	3.25554	3.26454	3.26667	3.25583	3.24893

MM_ikj	1.89336	1.83456	1.88987	1.8929	1.85174	1.88838	1.8901	1.83256	1.88577	1.89239	1.83599	1.88286	1.88908	1.83967	1.88007	1.88888

MM_B_ijk	1.53613	1.63861	1.54804	1.60395	1.60409	1.54652	1.62137	1.5432	1.60763	1.54369	1.60381	1.59984	1.5545	1.61724	1.53332	1.61572

