Evaluation : N=76, type=float
MM_ijk	2.94824	2.7295	2.84256	2.7293	2.73053	2.72998	2.72839	2.73064	2.73033	2.73048	2.85377	2.72848	2.73071	2.73032	2.73036	2.73027

MM_ikj	0.446494	0.437862	0.437573	0.437484	0.437568	0.437546	0.437518	0.437555	0.437521	0.438874	0.438869	0.497859	0.439199	0.438983	0.438901	0.43909

MM_B_ijk	2.0432	1.84405	1.84404	1.84344	1.84392	1.96342	1.92876	1.87406	2.09972	2.06926	1.86207	2.03952	1.88237	1.86695	2.09886	1.99492

Evaluation : N=76, type=float
MM_ijk	5.92114	3.08644	3.96674	2.991	2.98605	2.99419	3.16524	3.21421	2.99079	4.05849	2.95585	3.37161	4.11479	5.42601	4.50324	4.54872

MM_ikj	0.625827	0.583064	0.581314	0.540483	0.59426	0.5351	0.515281	0.505834	0.511465	0.504217	0.765361	0.505788	0.604347	0.721153	0.61356	0.496218

MM_B_ijk	2.03257	2.43809	1.99916	1.99798	2.03863	2.2328	2.14306	2.07866	2.43684	1.99926	2.04947	2.90378	2.20409	2.19463	2.07647	2.58638

Evaluation : N=76, type=float
MM_ijk	3.07625	2.92437	2.83977	2.83751	2.8393	2.8374	2.84029	2.83977	3.14579	2.83938	2.83923	2.83963	2.83778	2.84003	2.83942	3.03872

MM_ikj	0.47968	0.447487	0.447339	0.447241	0.447252	0.447245	0.447216	0.447116	0.44728	0.448412	0.448537	0.448665	0.448498	0.448439	0.656147	0.447359

MM_B_ijk	1.9206	1.91785	1.9381	1.9181	2.08074	2.0483	2.01535	1.99486	2.1848	2.14529	1.92502	1.93486	1.94259	1.97935	2.03178	2.06929

