Evaluation : N=512, type=float
MM_ijk	3.66934	3.41039	3.41181	4.03294	3.7595	3.41249	3.4063	3.40637	3.40868	3.4193	3.41834	3.41056	3.41319	3.41404	3.41667	3.42824

MM_ikj	0.378925	0.378273	0.379033	0.380992	0.378053	0.3768	0.377178	0.379324	0.378033	0.37785	0.379347	0.379967	0.379057	0.377807	0.384713	0.377268

MM_B_ijk	1.53404	1.53768	1.53856	1.5358	1.53785	1.53652	1.5352	1.58588	1.54027	1.53507	1.53093	1.53221	1.53199	1.54211	1.72642	1.60127

Evaluation : N=512, type=float
MM_ijk	3.50144	3.41747	3.40683	3.41252	3.41124	3.41823	3.67396	3.42824	3.42933	3.45124	3.42407	3.42304	3.44309	3.44134	3.50077	3.42791

MM_ikj	0.375244	0.373928	0.37258	0.374421	0.372754	0.374587	0.372977	0.374352	0.37396	0.373779	0.396083	0.660928	0.560011	0.40106	0.396319	0.38866

MM_B_ijk	1.60113	1.54506	1.53508	1.53695	1.53676	1.53448	1.53822	1.57142	1.53999	1.53598	1.53535	1.53654	1.53454	1.54376	1.5625	1.54459

