Evaluation : N=233, type=float
MM_ijk	3.79499	3.34035	3.20761	3.22322	3.21352	3.20167	3.2124	3.20539	3.22005	3.19549	3.2372	3.20043	3.20281	3.20246	3.20994	3.20527

MM_ikj	1.8361	1.89523	1.84051	1.85271	1.84569	1.8554	1.83703	1.85466	1.88668	1.85245	1.89464	1.84333	1.89683	1.84288	1.886	1.84482

MM_B_ijk	1.61664	1.56845	1.61177	1.54496	1.53017	1.632	1.52911	1.62427	1.52695	1.60924	1.53909	1.54545	1.60987	1.5378	1.61489	1.53048

Evaluation : N=233, type=float
MM_ijk	4.07103	4.01079	4.01546	3.42204	3.23894	3.22957	3.23374	3.2279	3.23135	3.21239	3.22127	3.2116	3.22493	3.23669	3.23076	3.21503

MM_ikj	1.85359	1.85072	1.89915	1.84743	1.86562	1.84879	1.86904	1.83652	1.88855	1.83079	1.88168	1.84723	1.86086	1.84695	1.85946	1.84459

MM_B_ijk	1.55737	1.5265	1.56198	1.53672	1.54591	1.55275	1.54103	1.55725	1.52624	1.57227	1.52613	1.55979	1.53941	1.53324	1.57083	1.54736

Evaluation : N=233, type=float
MM_ijk	3.93023	3.83811	3.89781	3.84229	3.85313	3.8416	3.54196	3.22841	3.21736	3.21008	3.21532	3.21481	3.2266	3.22497	3.22699	3.22676

MM_ikj	1.84456	1.89607	1.84567	1.89718	1.88751	1.85724	1.90196	1.84357	1.89419	1.8607	1.89908	1.85296	1.90192	1.83636	1.90193	1.84261

MM_B_ijk	1.62424	1.53534	1.61861	1.54415	1.61147	1.55419	1.53894	1.65631	1.53807	1.62453	1.53362	1.60779	1.54679	1.5893	1.57296	1.53917

