Evaluation : N=27, type=float
MM_ijk	3.84576	2.372	2.38836	2.40517	2.36869	2.42133	2.44658	2.49754	2.39572	2.56612	2.52888	2.62877	2.76294	2.62795	2.57639	2.46781

MM_ikj	2.27897	2.29914	2.27486	2.49454	2.29985	2.39135	2.53772	2.50861	2.36717	2.47366	2.4196	2.44089	2.41071	2.38973	2.30697	2.36128

MM_B_ijk	2.1101	2.10395	2.0507	2.03887	2.05055	2.05355	2.17863	2.14063	2.13545	2.07179	2.0851	2.06457	2.18158	2.07118	2.04913	2.23396

Evaluation : N=27, type=float
MM_ijk	4.08952	2.46883	2.46761	2.48585	2.47163	2.46299	2.4954	2.50206	2.47406	2.46421	2.49977	2.47777	2.4986	2.49398	2.46456	2.48382

MM_ikj	2.39963	2.39984	2.38607	2.46731	2.37296	2.37647	2.39552	2.37469	2.37941	2.37596	2.41838	2.42341	2.42392	2.46553	2.39801	2.38688

MM_B_ijk	2.17909	2.14652	2.09567	2.14007	2.10908	2.1985	2.15531	2.09724	2.09374	2.1138	2.13225	2.16776	2.14947	2.1701	2.14378	2.26779

Evaluation : N=27, type=float
MM_ijk	3.68399	2.28451	2.27948	2.27917	2.2745	2.28202	2.27999	2.27796	2.27567	2.28131	2.27857	2.27521	2.28009	2.27978	2.28202	11.7577

MM_ikj	2.17833	2.16766	2.16232	2.16268	2.16115	2.75873	3.10024	2.64924	2.19941	2.19931	2.19809	2.20022	2.19738	2.20083	2.19687	2.20139

MM_B_ijk	1.94869	1.92557	1.92572	1.93217	1.91973	1.9244	1.92415	1.92623	1.93543	1.93136	1.93268	1.92466	1.92948	1.9243	1.92694	1.9307

