Evaluation : N=518, type=float
MM_ijk	3.83473	3.451	3.50815	3.76642	3.44141	3.44241	3.44004	3.44027	3.4398	3.45238	3.4406	3.43919	3.44784	3.44463	3.45874	3.71764

MM_ikj	2.23619	2.27049	2.18157	2.09167	1.47258	1.50833	1.50504	1.45733	1.40017	1.40076	1.40865	1.68186	1.84846	1.48825	1.47603	1.66774

MM_B_ijk	1.9426	1.64354	1.61815	1.60332	1.59557	1.60233	1.59321	1.59614	1.59155	1.59357	1.59253	1.59386	1.59317	1.59638	1.58507	1.60777

Evaluation : N=518, type=float
MM_ijk	3.76199	3.46607	3.44598	3.453	3.45754	3.4486	3.75914	3.56892	3.45823	3.46607	3.47341	3.5151	3.51365	3.44597	3.44505	3.46604

MM_ikj	1.3995	1.38601	1.41786	1.40335	1.40464	1.41238	1.41131	1.3853	1.42277	1.41329	1.40775	1.40893	1.43379	1.41042	1.4091	1.40148

MM_B_ijk	1.58548	1.58471	1.58162	1.61917	1.57853	1.57273	1.58255	1.57976	1.58763	1.62225	1.58092	1.58203	1.58688	1.57673	1.58188	1.64362

