Evaluation : N=84, type=float
MM_ijk	2.93185	2.78773	2.7391	2.73932	2.74061	2.74014	2.74002	2.78603	2.74093	2.88267	2.73849	2.76066	2.96635	2.91387	3.09962	2.75694

MM_ikj	0.439589	0.427352	0.426736	0.426447	0.426392	0.426468	0.431966	0.4683	0.519217	0.456587	0.448457	0.592073	0.437706	0.662822	0.427104	0.426655

MM_B_ijk	1.83258	1.83073	1.83043	1.83045	1.84076	1.83037	1.83066	1.87374	1.82996	1.83053	1.83012	1.83009	1.83035	1.83131	1.8299	1.86225

Evaluation : N=84, type=float
MM_ijk	3.04108	2.86943	3.28849	2.85181	2.85084	2.84979	2.85415	2.85419	3.00947	2.85373	2.85095	2.98088	2.998	2.89311	2.9447	2.88538

MM_ikj	0.467156	0.457409	0.460869	0.463427	0.517402	0.560248	0.463189	0.448845	0.473984	0.609184	0.453921	0.449563	0.44671	0.44477	0.658872	0.453112

MM_B_ijk	1.91054	2.08145	2.13366	1.91262	1.9113	1.91102	1.91424	1.98409	1.90429	1.90375	1.90349	1.90396	2.15403	2.06227	1.90424	2.1353

Evaluation : N=84, type=float
MM_ijk	3.17438	2.98107	3.08011	3.02164	2.97966	2.97914	2.88299	3.01805	2.85098	3.78978	3.104	2.89411	3.17465	3.01283	3.00591	2.85075

MM_ikj	0.445323	0.443731	0.443783	0.4438	0.443807	0.443797	0.444144	0.444913	0.444951	0.44491	0.444951	0.516757	0.45624	0.444001	0.44352	0.443439

MM_B_ijk	1.90573	1.90446	1.90427	1.90388	1.90368	1.90407	1.93496	1.90418	1.90347	1.90404	1.90459	1.90369	1.90365	1.90381	2.18268	1.99915

