Evaluation : N=170, type=float
MM_ijk	3.83912	3.79937	3.70163	3.76291	3.71851	3.71261	3.76922	3.74764	3.81181	3.73159	3.7359	3.82654	3.69853	3.93534	3.70401	3.43394

MM_ikj	1.61317	1.53074	1.48131	1.45571	1.47835	1.45555	1.76027	1.4678	1.45834	1.45553	1.4625	1.48034	1.57511	1.48833	1.45025	1.44407

MM_B_ijk	1.54272	1.54548	1.71379	1.58925	1.53203	1.52798	1.55904	1.57046	1.7201	1.54872	1.53215	1.528	1.55921	1.71032	1.59811	1.53087

Evaluation : N=170, type=float
MM_ijk	4.09058	3.84215	3.92417	3.96077	3.87292	3.91621	3.87814	3.50103	3.2779	3.10078	3.19508	3.13267	3.08751	3.21319	3.0949	3.13536

MM_ikj	1.45992	1.53862	1.45709	1.45212	1.47484	1.46837	1.45623	1.51244	1.48375	1.45211	1.45001	1.49259	1.45197	1.50599	1.48608	1.45057

MM_B_ijk	1.52579	1.54594	1.54421	1.58243	1.56497	1.52373	1.52698	1.54726	1.54279	1.58527	1.55925	1.52654	1.5239	1.56571	1.52554	1.59196

Evaluation : N=170, type=float
MM_ijk	4.02117	3.7014	3.83978	3.72172	3.81549	4.0977	3.73757	3.8674	3.79897	3.74722	3.86202	3.74267	3.75036	3.69841	3.70945	3.75861

MM_ikj	1.73204	1.74969	1.59868	1.56517	1.50805	1.45487	1.44971	1.46263	1.48286	1.62766	1.48614	1.4657	1.45406	1.48044	1.45468	1.52267

MM_B_ijk	1.56535	1.52392	1.52553	1.5517	1.55081	1.58585	1.56157	1.52406	1.52754	1.54234	1.54717	1.58371	1.56238	1.52375	1.53964	1.56021

