Evaluation : N=511, type=float
MM_ijk	4.08962	3.76464	5.12445	5.93706	4.17079	4.0036	4.19516	4.05735	3.87542	3.85955	3.7712	3.84344	3.9124	3.8844	3.87104	3.85061

MM_ikj	1.87508	1.86645	1.86083	1.86884	1.90627	1.87488	1.85756	1.86735	1.85796	1.86642	1.96057	1.85765	1.88152	1.85842	1.86863	1.87334

MM_B_ijk	1.90366	1.90249	1.89978	1.90608	1.89795	1.92602	1.90916	1.90048	1.94166	1.87821	1.87541	1.87041	1.86784	1.86998	1.86898	1.89492

Evaluation : N=511, type=float
MM_ijk	3.54646	3.40945	3.41759	3.42046	3.4121	3.41238	3.73328	3.43474	3.41403	3.42931	3.42063	3.42755	3.41839	3.41983	3.41908	3.42838

MM_ikj	1.84211	1.84704	1.83543	1.8775	1.80932	2.00935	1.85279	1.80945	1.82009	2.07136	1.82644	1.83203	1.83936	1.83218	1.86342	1.81442

MM_B_ijk	1.86752	1.86678	1.86691	1.86439	1.89062	1.87168	1.86483	1.8623	1.86405	1.88246	1.86473	1.86279	1.86578	1.86407	1.87823	1.88116

