Evaluation : N=342, type=float
MM_ijk	4.12124	3.39475	3.39629	3.39051	3.39315	3.38909	3.39188	3.38688	3.38632	3.38918	3.40629	3.38824	3.38948	3.39575	3.38796	3.38875

MM_ikj	1.41609	1.42815	1.41794	1.41055	1.41956	1.43289	1.41423	1.41227	1.41572	1.43417	1.41294	1.41233	1.41691	1.4282	1.41517	1.41734

MM_B_ijk	1.59138	1.57307	1.56824	1.59006	1.56038	1.58622	1.56687	1.56694	1.59063	1.55913	1.58838	1.56002	1.56102	1.58551	1.55717	1.58645

Evaluation : N=342, type=float
MM_ijk	3.59121	3.37973	3.38731	3.38544	3.38149	3.38261	3.38893	3.38753	3.38987	3.38894	3.38964	3.39081	3.38298	3.38132	3.38046	3.38221

MM_ikj	1.41151	1.42697	1.4072	1.40998	1.41457	1.42844	1.40957	1.40938	1.41228	1.43013	1.40816	1.41103	1.41403	1.42755	1.40811	1.41035

MM_B_ijk	1.58415	1.55892	1.56077	1.58545	1.56096	1.58776	1.55918	1.56085	1.58656	1.55791	1.58328	1.5589	1.76156	1.54938	1.53716	1.54385

