Evaluation : N=272, type=float
MM_ijk	4.03847	3.85246	3.22043	3.20172	3.19534	3.20361	3.18687	3.18839	3.19859	3.1889	3.47201	3.73794	3.57867	3.22926	3.19836	3.18745

MM_ikj	0.350905	0.359521	0.347772	0.347257	0.355099	0.346522	0.347315	0.361649	0.354329	0.346724	0.347048	0.347199	0.348261	0.357076	0.35062	0.345007

MM_B_ijk	1.81207	1.79161	1.80593	1.80484	1.82402	1.85284	1.85276	1.80165	2.00039	1.86227	1.85582	1.8721	1.86902	1.80116	1.84703	1.84938

Evaluation : N=272, type=float
MM_ijk	4.08393	3.99944	3.36436	3.20206	3.22905	3.20144	3.47212	3.34313	3.20582	3.18964	3.20236	3.18602	3.19319	3.20121	3.18982	3.20095

MM_ikj	0.343929	0.343793	0.352059	0.343815	0.3541	0.353062	0.345498	0.343538	0.342553	0.351609	0.343433	0.357349	0.352688	0.343234	0.343358	0.347385

MM_B_ijk	1.81078	1.81704	1.86192	1.83799	1.90067	1.92218	2.02058	2.83801	2.06248	1.81025	1.81535	1.81231	1.79724	1.8117	1.80649	1.81446

