Evaluation : N=24, type=float
MM_ijk	3.78234	2.23546	2.24269	2.24002	2.23698	2.24407	2.23785	2.23886	2.24089	2.23481	2.24414	2.23763	2.2372	2.24298	2.23604	2.24125

MM_ikj	0.552228	0.533275	0.531756	0.534216	0.528139	0.530599	0.529731	0.528863	0.528863	0.527488	0.528284	0.53031	0.530744	0.528139	0.527127	0.527488

MM_B_ijk	1.94792	1.93887	1.91435	1.9205	1.90979	1.93113	1.91059	1.91688	1.9137	1.91761	1.92506	1.91978	1.92079	1.92426	1.926	1.92354

Evaluation : N=24, type=float
MM_ijk	3.8321	2.25347	2.2534	2.25014	2.92853	2.24964	2.25231	2.25427	2.25022	2.25579	2.24978	2.25152	2.25448	2.25116	2.25405	2.25022

MM_ikj	0.579499	0.557364	0.56156	0.56344	0.556279	0.554543	0.557292	0.558377	0.557002	0.558955	0.554688	0.556858	0.553819	0.558015	0.55447	0.557581

MM_B_ijk	2.04926	1.99544	2.00036	1.98589	1.98741	1.99855	2.00297	1.98951	1.99718	1.99183	1.99508	1.99826	1.98119	2.01114	2.0008	1.99161

Evaluation : N=24, type=float
MM_ijk	3.80729	2.25239	2.25666	2.25137	2.25463	2.25326	2.25058	2.25492	2.24964	2.25304	2.25622	2.24964	2.25405	2.2521	2.25333	2.25535

MM_ikj	0.56901	0.554398	0.550998	0.557002	0.549841	0.547526	0.547381	0.548105	0.548394	0.550637	0.551432	0.549262	0.550564	0.55013	0.548828	0.547237

MM_B_ijk	2.02076	1.99899	2.00629	2.01418	2.05758	2.00984	2.01186	1.99848	1.99508	2.00268	1.99566	1.99891	1.99609	2.01071	2.18077	2.02561

