Evaluation : N=332, type=float
MM_ijk	4.12781	4.03379	3.31522	3.30507	3.33364	3.292	3.29892	3.28662	3.29545	3.62401	3.45534	3.32734	3.31448	3.30286	3.3003	3.29122

MM_ikj	0.423519	0.419834	0.413306	0.423066	0.416852	0.413315	0.423473	0.41612	0.413183	0.42183	0.4194	0.4165	0.421206	0.414027	0.41462	0.436038

MM_B_ijk	1.57125	1.58565	1.6243	1.57325	1.57262	1.57415	1.60037	1.57464	1.57099	1.6014	1.59187	1.57074	2.32625	1.57029	1.58588	1.73586

Evaluation : N=332, type=float
MM_ijk	4.17146	3.63665	4.49223	4.69355	4.61929	4.34048	4.16896	4.65823	4.82612	5.24058	5.22198	4.36094	3.82425	4.2487	4.72316	4.64985

MM_ikj	0.646557	0.652198	0.630092	0.613921	0.59133	0.549712	0.718645	0.586457	0.702002	0.590233	0.487406	0.482178	0.515836	0.518	0.549502	0.508416

MM_B_ijk	1.891	1.79869	1.93189	2.50803	2.45145	2.41053	2.52469	2.56829	2.85047	2.57284	2.04476	1.95221	1.75998	1.69437	1.67272	1.65461

