Evaluation : N=340, type=float
MM_ijk	4.16441	3.95748	3.3106	3.3165	3.33382	3.32074	3.31787	3.32049	3.32083	3.32424	3.33666	3.36124	3.32119	3.32153	3.31805	3.32001

MM_ikj	0.435674	0.417125	0.411357	0.437943	0.415206	0.412849	0.438658	0.410818	0.415756	0.435951	0.410572	0.433403	0.417178	0.411551	0.43654	0.413064

MM_B_ijk	1.57557	1.5995	1.56808	1.59856	1.57683	1.57117	1.60443	1.56973	1.57547	1.601	1.57232	1.6008	1.57847	1.57431	1.60188	1.56981

Evaluation : N=340, type=float
MM_ijk	4.07319	3.31911	3.31171	3.3086	3.31233	3.30592	3.30635	3.30688	3.31075	3.30465	3.30919	3.35699	3.3051	3.30383	3.33936	3.30297

MM_ikj	0.42076	0.41019	0.416007	0.41902	0.40939	0.439779	0.416697	0.41666	0.433896	0.419051	0.41634	0.435402	0.417592	0.430737	0.415064	0.411191

MM_B_ijk	1.60592	1.57806	1.7812	1.7528	1.73101	1.57391	1.57089	1.59622	1.568	1.58659	1.58086	1.56769	1.59707	1.57242	1.57115	1.60083

