Evaluation : N=134, type=float
MM_ijk	3.90857	3.72629	3.66755	3.66625	3.72887	3.7779	3.72608	3.67011	3.63787	3.65054	3.7965	3.71271	3.55826	3.66077	3.77225	3.73265

MM_ikj	1.69586	1.67969	1.66997	1.64874	1.65318	1.64876	1.67646	1.70466	1.64868	1.80174	1.47632	1.48651	1.47282	1.42426	1.45245	1.42144

MM_B_ijk	1.59498	1.5162	1.51637	1.55081	1.55798	1.53536	1.52638	1.62741	1.55608	1.54547	1.53521	1.51607	1.52029	1.51671	1.51657	1.56035

Evaluation : N=134, type=float
MM_ijk	3.65375	3.55738	3.63021	3.5798	3.49733	3.52101	3.56478	3.58472	3.54565	3.55259	3.55826	3.59336	3.57887	3.57049	3.53475	3.6875

MM_ikj	1.60034	1.5853	1.61735	1.58544	1.66034	1.60218	1.62565	1.6126	1.58558	1.59341	1.58534	1.59288	1.58533	1.62085	1.61547	1.59916

MM_B_ijk	1.97867	1.87999	1.82032	1.8083	1.8143	1.80831	1.83372	1.83314	2.17627	1.85232	1.8836	1.80811	1.5809	1.56687	1.56688	1.57513

Evaluation : N=134, type=float
MM_ijk	3.94642	3.71647	3.69293	3.88157	3.76533	3.64386	3.74363	3.6935	3.8598	3.7376	3.80086	3.74176	3.9676	3.4616	3.21014	3.16503

MM_ikj	1.43187	1.40453	1.35088	1.35536	1.36728	1.33143	1.35624	1.53725	1.37473	1.39831	1.38566	1.34683	1.36351	1.32999	1.33883	1.32961

MM_B_ijk	1.51701	1.55388	1.55713	1.55983	1.84731	1.59724	1.64994	1.58779	1.58216	1.53622	1.61757	1.51683	1.53158	1.538	1.55715	1.56304

