Evaluation : N=321, type=float
MM_ijk	4.22666	4.14927	3.44213	3.33454	3.34971	3.3381	3.34917	3.34234	3.33623	3.34704	3.33954	3.35556	3.35179	3.35937	3.33862	3.34854

MM_ikj	1.85077	1.84933	1.87654	1.84903	1.85154	1.87462	1.8455	1.86754	1.85772	1.84668	1.86715	1.85151	1.85136	1.87838	1.84583	1.84671

MM_B_ijk	1.60192	1.57833	1.57112	1.5703	1.57397	1.57655	1.5994	1.58179	1.57442	1.57294	1.57016	1.57596	1.57424	1.5974	1.58018	1.57199

Evaluation : N=321, type=float
MM_ijk	4.21053	3.38986	3.3473	3.34095	3.35421	3.33766	3.35436	3.33819	3.33799	3.32916	3.32911	3.33806	3.32845	3.34058	3.33027	3.33402

MM_ikj	1.82984	1.83217	1.84177	1.83175	1.83243	1.83927	1.82786	1.83315	1.83916	1.82913	1.83139	1.83905	1.83274	1.83222	1.83839	1.82772

MM_B_ijk	1.54628	1.55494	1.55104	1.54648	1.54139	1.5421	1.55622	1.56653	1.57278	1.60039	1.57553	1.56779	1.56754	1.5679	1.57259	1.57036

