Evaluation : N=240, type=float
MM_ijk	3.80198	3.73361	3.76392	3.73476	3.72459	3.18371	3.14356	3.11645	3.1229	3.11315	3.11433	3.12797	3.12872	3.12094	3.12617	3.12255

MM_ikj	0.345196	0.344038	0.362	0.353887	0.347023	0.342893	0.343253	0.342546	0.349533	0.351037	0.343457	0.359878	0.352817	0.351432	0.343378	0.350599

MM_B_ijk	1.80167	1.81261	1.81983	1.80076	1.8216	1.80302	1.81414	1.79718	1.81678	1.79937	1.81231	1.81784	1.80734	1.82162	1.79161	1.82911

Evaluation : N=240, type=float
MM_ijk	3.74859	3.62402	3.61677	3.59551	3.59447	3.59461	3.34491	3.13461	3.13531	3.13033	3.1293	3.13589	3.1301	3.13465	3.12897	3.12558

MM_ikj	0.360005	0.343854	0.345148	0.342998	0.348578	0.343459	0.344454	0.374504	0.375293	0.363998	0.344	0.344864	0.343158	0.348371	0.343451	0.350957

MM_B_ijk	1.86293	1.81751	1.84484	1.87089	1.79946	1.86901	1.79532	1.8712	1.80798	1.86034	1.86056	1.8045	1.86391	1.79806	1.87407	1.79828

Evaluation : N=240, type=float
MM_ijk	3.98857	3.88135	3.8707	3.23733	3.153	3.12489	3.15301	3.13427	3.13572	3.1319	3.13388	3.13507	3.14006	3.13323	3.13431	3.1307

MM_ikj	0.357458	0.343464	0.344082	0.342748	0.354778	0.343242	0.343976	0.38362	0.36732	0.358348	0.346771	0.343995	0.342802	0.347827	0.342554	0.350639

MM_B_ijk	1.84477	1.80339	1.81955	1.82142	1.79642	1.82423	1.7962	1.82274	1.7979	1.80803	1.79975	1.81294	1.81544	1.79731	1.82296	1.79175

