Evaluation : N=259, type=float
MM_ijk	4.1548	4.36925	4.30556	4.15016	3.43824	3.3246	3.28989	3.2744	3.27264	3.27747	3.30524	3.26966	3.26716	3.28507	3.26513	3.26481

MM_ikj	1.84781	1.83688	1.83812	1.84419	1.8475	1.83153	1.84177	1.85045	1.83467	1.83108	1.84253	1.84946	1.82982	1.84383	1.84727	1.84733

MM_B_ijk	1.6117	1.57077	1.55229	1.54654	1.55258	1.53257	1.5488	1.52859	1.54133	1.5306	1.53879	1.54787	1.5285	1.54032	1.53582	1.54197

Evaluation : N=259, type=float
MM_ijk	3.83538	3.77689	3.7736	3.78483	3.75696	3.31094	3.28327	3.26919	3.28002	3.28489	3.28191	3.26937	3.28166	3.29278	3.27188	3.27507

MM_ikj	1.859	1.88079	1.83721	1.88334	1.88561	1.86574	2.08565	1.91812	1.90211	1.86089	1.85487	1.88395	1.88168	1.83607	1.87615	1.8868

MM_B_ijk	1.53791	1.60099	1.59915	1.53746	1.60433	1.54004	1.59019	1.59879	1.54118	1.67578	1.5381	1.54507	1.55644	1.53583	1.54788	1.5354

