Evaluation : N=304, type=float
MM_ijk	3.59975	3.27247	3.25642	3.30456	3.25166	3.26259	3.25849	3.26006	3.26246	3.26511	3.25778	3.25614	3.25313	3.25061	3.2573	3.25565

MM_ikj	0.404395	0.463186	0.45401	0.409757	0.403081	0.406425	0.433172	0.408591	0.409934	0.407779	0.435165	0.410937	0.405971	0.413212	0.444698	0.409007

MM_B_ijk	1.56851	1.56924	1.56916	1.56615	1.57165	1.56731	1.57226	1.61208	1.57238	1.56604	1.56633	1.57545	1.56532	1.56817	1.58101	1.56955

Evaluation : N=304, type=float
MM_ijk	3.95005	3.92055	3.71657	3.27701	3.27045	3.26485	3.28126	3.26522	3.26181	3.25859	3.25975	3.26307	3.26165	3.26184	3.26247	3.26238

MM_ikj	0.414774	0.405	0.407796	0.418195	0.408922	0.403068	0.409287	0.413251	0.407694	0.402921	0.407181	0.423673	0.406202	0.402407	0.410043	0.418596

MM_B_ijk	1.53801	1.54151	1.5436	1.53623	1.54228	1.54618	1.54216	1.54269	1.54484	1.53925	1.54503	1.54842	1.54235	1.54352	1.54282	1.54297

