Evaluation : N=208, type=float
MM_ijk	3.86565	3.79835	3.77075	3.89538	3.81043	3.85696	3.77477	3.99421	3.2927	3.04537	3.07583	3.07426	2.99544	3.08041	3.06049	3.01952

MM_ikj	0.354946	0.344458	0.353706	0.416503	0.366854	0.360477	0.352717	0.343932	0.350274	0.343601	0.344383	0.347872	0.345448	0.355305	0.349869	0.355308

MM_B_ijk	1.66288	1.52953	1.53796	1.64303	1.54215	1.52754	1.63819	1.55522	1.51969	1.64225	1.56825	1.517	1.57266	1.57345	1.52404	1.52712

Evaluation : N=208, type=float
MM_ijk	4.16041	3.94624	3.74252	3.83923	3.81625	3.81038	3.75576	3.79131	3.26616	3.0035	3.17916	3.06864	3.04818	3.08883	3.01534	3.0755

MM_ikj	0.34515	0.343774	0.360922	0.344451	0.344881	0.353377	0.417844	0.373468	0.35303	0.363006	0.346847	0.343771	0.343734	0.345849	0.343744	0.343736

MM_B_ijk	1.55262	1.65688	1.51702	1.54082	1.66929	1.52053	1.5412	1.65556	1.55174	1.53135	1.65285	1.54434	1.53117	1.6352	1.56236	1.52282

Evaluation : N=208, type=float
MM_ijk	3.89636	3.75867	3.78294	3.83488	3.38183	3.0244	3.0759	3.0453	3.02632	3.08078	3.00454	3.07891	3.05113	3.01398	3.07265	3.01248

MM_ikj	0.355163	0.426798	0.358237	0.365235	0.344812	0.34775	0.344262	0.343742	0.34643	0.343802	0.343699	0.352167	0.354079	0.344504	0.353498	0.42336

MM_B_ijk	1.55897	1.52779	1.54316	1.65012	1.52252	1.53593	1.66033	1.52236	1.53866	1.64548	1.52982	1.52919	1.62859	1.55582	1.51724	1.65636

