Evaluation : N=309, type=float
MM_ijk	4.03159	3.57924	3.32075	3.33434	3.32456	3.33221	3.31787	3.31726	3.3201	3.32544	3.32114	3.32961	3.32455	3.31896	3.34169	3.3682

MM_ikj	2.10694	1.84931	1.84688	1.83498	1.83927	1.83656	1.90456	1.83037	1.83691	1.84223	1.89107	1.84011	1.83531	1.8611	1.8781	2.06051

MM_B_ijk	1.74911	1.74421	1.75045	1.70448	1.57289	1.57041	1.58808	1.57389	1.57133	1.57508	1.57218	1.57929	1.57222	1.57279	1.57756	1.5591

Evaluation : N=309, type=float
MM_ijk	4.18177	4.14996	3.63432	3.31767	3.31718	3.32283	3.31375	3.31714	3.32084	3.31925	3.32235	3.32213	3.36347	3.32338	3.32158	3.32661

MM_ikj	1.87145	1.85556	1.85053	1.91917	2.03245	1.90673	1.92157	2.57892	1.82879	1.83259	1.83103	1.83341	1.83773	1.82821	1.83269	1.83273

MM_B_ijk	1.54161	1.53871	1.54047	1.54049	1.5401	1.53933	1.54557	1.54658	1.54153	1.53984	1.54031	1.53956	1.54068	1.53935	1.53984	1.53981

