Evaluation : N=230, type=float
MM_ijk	3.84566	3.73396	3.7539	3.70914	3.73548	3.71164	3.71171	3.26572	3.23807	3.27831	3.25602	3.23438	3.21597	3.24157	3.22952	3.377

MM_ikj	2.05335	2.24979	2.46879	1.97568	1.80192	1.94141	1.92075	2.22776	1.98486	2.48082	2.26077	2.13667	2.17616	2.21531	2.1596	2.21013

MM_B_ijk	2.7464	2.73213	2.79078	2.90575	2.96678	2.91939	2.86388	2.85594	2.98304	2.86326	3.01818	3.16438	3.47719	3.23638	3.45222	3.00056

Evaluation : N=230, type=float
MM_ijk	3.9943	3.86114	3.87628	3.86931	3.86702	3.86607	3.87948	3.32179	3.25686	3.25486	3.25793	3.23929	3.25396	3.26434	3.24565	3.26757

MM_ikj	1.44453	1.46108	1.41869	1.45921	1.43504	1.43418	1.45871	1.42663	1.4508	1.4367	1.43358	1.46131	1.4193	1.44103	1.46204	1.43353

MM_B_ijk	1.56607	1.52159	1.55565	1.55363	1.53839	1.56933	1.52263	1.56545	1.53947	1.56496	1.56946	1.53787	1.56835	1.52273	1.57985	1.56833

Evaluation : N=230, type=float
MM_ijk	3.96392	3.88794	3.90723	3.86808	3.90207	3.82837	3.33022	3.28194	3.2614	3.25273	3.25902	3.25105	3.2385	3.23817	3.252	3.26213

MM_ikj	1.47412	1.44224	1.43217	1.48159	1.41957	1.44614	1.47006	1.44003	1.48108	1.43168	1.43553	1.48289	1.42567	1.47709	1.43408	1.43237

MM_B_ijk	1.61842	1.52937	1.62336	1.5316	1.61474	1.54921	1.53599	1.61897	1.52705	1.6187	1.53166	1.56009	1.59767	1.53559	1.61996	1.52668

