Evaluation : N=308, type=float
MM_ijk	4.15113	3.53135	3.26909	3.28307	3.29184	3.27847	3.26604	3.2649	3.2847	3.29178	3.38155	3.77831	3.56959	3.28854	3.28109	3.30915

MM_ikj	0.412094	0.401945	0.406316	0.437892	0.408873	0.401477	0.404965	0.438088	0.400064	0.40319	0.431524	0.408827	0.399468	0.40331	0.434454	0.40613

MM_B_ijk	1.57705	1.57485	1.58027	1.56485	1.57537	1.57519	1.57684	1.57978	1.57657	1.57535	1.578	1.58109	1.58743	1.58416	1.57577	1.5783

Evaluation : N=308, type=float
MM_ijk	3.95417	3.91233	3.81202	3.28372	3.26542	3.26176	3.25923	3.26041	3.26682	3.26378	3.26121	3.26839	3.27024	3.26405	3.26722	3.26075

MM_ikj	0.40475	0.402877	0.417264	0.40304	0.406533	0.410235	0.409352	0.399037	0.405053	0.411276	0.405939	0.39495	0.406168	0.413336	0.404104	0.396065

MM_B_ijk	1.55451	1.55252	1.54924	1.55492	1.54564	1.55601	1.55168	1.5478	1.54893	1.55271	1.5455	1.55812	1.55308	1.54568	1.54903	1.55091

