Evaluation : N=287, type=float
MM_ijk	4.18806	3.7955	3.33154	3.32077	3.31888	3.33051	3.35227	3.31355	3.345	3.34311	3.37545	3.38286	3.32588	3.34598	3.31799	3.30037

MM_ikj	1.9001	1.87238	1.86078	1.84082	1.92495	1.89587	2.22634	2.0911	1.89061	1.87368	1.86719	1.86491	1.99299	1.8688	1.85561	1.86104

MM_B_ijk	1.59919	1.59987	1.5989	1.59646	1.62071	1.55541	1.58917	1.59366	1.60193	1.59675	1.59233	1.55462	1.77371	1.57097	1.56467	1.56427

Evaluation : N=287, type=float
MM_ijk	3.91536	3.82119	3.81568	3.52679	3.3184	3.31646	3.47128	3.31967	3.31779	3.32244	3.31884	3.30307	3.31813	3.32208	3.31566	3.31729

MM_ikj	2.29896	1.96616	1.86534	1.94204	1.86938	1.86268	1.84323	1.86549	1.86274	1.85691	1.86402	1.86249	1.91578	1.87604	1.86071	1.87191

MM_B_ijk	1.59454	1.6098	1.59946	1.5922	1.55227	1.58693	1.59604	1.59514	1.59607	1.58566	1.55848	1.60636	1.59304	1.59686	1.59487	1.5892

