Evaluation : N=28, type=float
MM_ijk	3.16819	2.16582	2.16445	2.16741	2.16313	2.16759	2.16345	2.16778	2.16513	2.16513	2.16696	2.16381	2.16778	2.16431	2.16686	2.16481

MM_ikj	0.513712	0.499317	0.50123	0.501503	0.498861	0.497039	0.497586	0.498315	0.498679	0.499043	0.498087	0.497085	0.497403	0.497859	0.498952	0.498861

MM_B_ijk	1.9442	1.92406	1.91427	1.92438	1.9216	1.91727	1.92206	1.91705	1.92078	1.91782	1.92556	1.92014	1.9185	1.91723	1.917	1.918

Evaluation : N=28, type=float
MM_ijk	3.3806	2.35377	2.36029	2.35723	2.35455	2.36083	2.35528	2.35769	2.35874	2.35541	2.35965	2.35569	2.35555	2.35842	2.35619	2.35769

MM_ikj	0.535623	0.523278	0.52018	0.519087	0.51936	0.519998	0.519452	0.519269	0.517994	0.517994	0.518723	0.519998	0.519907	0.519178	0.518176	0.518176

MM_B_ijk	2.02382	1.99708	1.99626	2.00223	1.98661	2.00214	1.99271	2.00114	1.99185	2.00141	1.99048	2.00323	1.98939	2.0046	1.99485	2.00191

Evaluation : N=28, type=float
MM_ijk	3.23592	2.27852	2.28025	2.27624	2.27956	2.28102	2.27651	2.2813	2.27765	2.27929	2.27966	2.27624	2.28084	2.27738	2.27956	2.27966

MM_ikj	0.512573	0.501139	0.500228	0.499499	0.498406	0.498588	0.499134	0.500228	0.500228	0.499317	0.498952	0.498041	0.499043	0.499954	0.500137	0.499863

MM_B_ijk	1.9437	1.92566	1.91759	1.91969	1.92566	1.92201	1.92538	1.92024	1.92962	1.91645	1.92329	1.92402	1.92388	1.92115	1.92014	1.92197

