Evaluation : N=288, type=float
MM_ijk	4.0763	4.01799	3.9299	3.32207	3.22283	3.205	3.2255	3.21839	3.20194	3.20218	3.20396	3.21156	3.36201	3.20768	3.20781	3.19746

MM_ikj	0.355428	0.343841	0.342477	0.342324	0.345432	0.352384	0.345519	0.343122	0.345107	0.34577	0.34341	0.349943	0.343644	0.342339	0.34207	0.345799

MM_B_ijk	1.80041	2.08829	2.0657	2.31929	1.8141	1.83188	1.80588	1.80161	1.8055	1.81356	2.04027	1.81092	1.80723	1.80005	1.80731	1.80687

Evaluation : N=288, type=float
MM_ijk	4.07517	3.8155	3.24038	3.26027	3.22519	3.2315	3.25383	3.21523	3.23106	3.23762	3.22757	3.21446	3.23413	3.23138	3.21227	3.23537

MM_ikj	0.346822	0.353694	0.381474	0.346193	0.341984	0.344349	0.344542	0.377946	0.355531	0.343924	0.342576	0.349689	0.373328	0.357964	0.34395	0.343794

MM_B_ijk	1.8409	2.03864	2.15392	2.0273	1.83618	1.79985	1.80576	1.81148	1.80805	1.80947	1.81378	1.80729	1.80911	1.80682	1.81626	1.94996

