Evaluation : N=87, type=float
MM_ijk	3.44187	3.25126	3.23023	3.00948	2.96498	3.10896	2.79011	2.83178	2.78864	2.78898	2.7917	2.78676	2.8101	2.79266	2.9179	2.78712

MM_ikj	2.07432	2.15859	2.17622	2.38569	2.6984	2.23254	2.11398	2.41678	2.20107	2.19112	2.07167	2.0714	2.07137	2.22374	2.06472	2.22631

MM_B_ijk	1.64741	2.64965	1.74604	1.64537	1.7326	1.64616	1.64537	1.6457	1.6456	1.64538	1.64477	1.64541	1.6721	1.64837	1.78692	1.64947

Evaluation : N=87, type=float
MM_ijk	3.65293	3.24747	3.22088	3.17624	3.41502	3.14215	3.14753	3.279	3.83617	3.67683	3.23497	3.35602	3.54472	3.2826	3.26522	3.282

MM_ikj	2.42628	2.46257	2.49322	2.53117	2.61433	2.35465	2.31089	2.31137	2.29657	2.23632	2.23742	2.279	2.2362	2.23947	2.23661	2.31104

MM_B_ijk	1.82727	1.94953	2.21619	1.78216	1.78773	2.26509	1.70926	1.70896	1.70917	1.86982	1.78074	1.70825	1.70556	1.70833	1.7175	1.70393

Evaluation : N=87, type=float
MM_ijk	3.42024	3.23707	3.27514	3.23234	3.23295	3.23174	3.27103	3.24012	3.23124	3.23836	3.36217	3.36157	3.26056	3.40475	3.96208	3.54199

MM_ikj	2.42402	2.64719	2.5375	2.41605	2.53555	2.40678	2.41267	2.46462	2.40282	2.4442	2.40287	2.40292	2.40293	2.40291	2.40285	2.49743

MM_B_ijk	1.91095	2.0407	1.91297	1.91165	1.91119	1.90941	2.06483	1.9141	1.91381	2.04332	2.28717	2.86891	2.06646	1.99412	2.08013	1.93585

