Evaluation : N=282, type=float
MM_ijk	4.21999	3.51645	3.3532	3.33734	3.35767	3.35692	3.33864	3.35119	3.35269	3.33822	3.34916	3.35378	3.33343	3.35547	3.36023	3.3557

MM_ikj	1.4189	1.42199	1.41733	1.41689	1.41975	1.42276	1.40668	1.42148	1.4957	1.43527	1.41595	1.44357	1.44393	1.40618	1.43912	1.4461

MM_B_ijk	1.5778	1.54013	1.58623	1.57986	1.58156	1.57176	1.75163	1.55086	1.55049	1.54996	1.55353	1.54521	1.55072	1.55427	1.54844	1.54013

Evaluation : N=282, type=float
MM_ijk	3.84382	3.47741	3.36406	3.34517	3.40071	3.45567	3.5637	3.39422	3.34583	3.34853	3.34858	3.34879	3.33705	3.34664	3.34955	3.34045

MM_ikj	1.41799	1.43129	1.51715	1.45826	1.42228	1.41882	1.41322	1.42896	1.75845	1.44316	1.41573	1.43955	1.44348	1.42181	1.42109	1.44452

MM_B_ijk	1.58972	1.56707	1.55544	1.58693	1.59103	1.58376	1.54007	1.58667	1.5884	1.5891	1.57903	1.54182	1.58343	1.59084	1.58885	1.54272

