Evaluation : N=203, type=float
MM_ijk	3.89355	3.80603	3.75999	3.79734	3.85908	3.42465	3.23124	3.19024	3.14874	3.22007	3.14452	3.23538	3.16838	3.15999	3.18973	3.14231

MM_ikj	1.94842	1.85475	1.85631	1.93365	1.85271	1.85025	1.95661	1.84394	1.86606	1.95146	1.8394	1.86356	1.93757	1.8435	1.90436	1.89436

MM_B_ijk	1.5323	1.56472	1.66661	1.53697	1.55211	1.67265	1.55504	1.54292	1.61592	1.80722	1.53315	1.56947	1.74578	1.53844	1.55161	1.65649

Evaluation : N=203, type=float
MM_ijk	4.02839	3.96652	3.9425	3.96929	3.50925	3.19616	3.16197	3.20501	3.15161	3.20986	3.16541	3.21487	3.20928	3.14009	3.19889	3.15222

MM_ikj	1.8938	1.83811	1.86957	1.88996	1.84808	1.87313	1.8838	1.85226	1.87933	1.86588	1.85105	1.91465	1.86388	1.86359	1.89498	1.83959

MM_B_ijk	1.54907	1.55488	1.5509	1.52399	1.54966	1.591	1.52842	1.54211	1.56687	1.55672	1.52527	1.55418	1.58248	1.53228	1.54888	1.5578

Evaluation : N=203, type=float
MM_ijk	4.10765	3.91124	3.94219	3.97742	3.475	3.16587	3.19276	3.14552	3.16872	3.14853	3.17006	3.1845	3.14853	3.16889	3.14655	3.16678

MM_ikj	1.86005	1.88577	1.84445	1.86509	1.88324	1.84487	1.85828	1.88938	1.83858	1.85957	1.88696	1.85608	1.84536	1.88382	1.84876	1.8631

MM_B_ijk	1.5682	1.53091	1.5465	1.59176	1.56241	1.55329	1.55208	1.57117	1.55666	1.53213	1.56605	1.54152	1.54425	1.55855	1.54517	1.5242

