Evaluation : N=314, type=float
MM_ijk	4.24055	3.57337	3.36852	3.36375	3.41604	3.3597	3.36483	3.36989	3.37003	3.357	3.6798	3.4794	3.37491	3.38747	3.37068	3.3781

MM_ikj	1.41722	1.42129	1.41485	1.40324	1.41629	1.4193	1.4143	1.42093	1.41928	1.42037	1.42132	1.41503	1.41982	1.42074	1.42057	1.43336

MM_B_ijk	1.56822	1.58848	1.60016	1.5435	1.55128	1.54335	1.54593	1.54449	1.54284	1.5423	1.54265	1.54289	1.5427	1.54863	1.54471	1.54576

Evaluation : N=314, type=float
MM_ijk	3.73598	3.36846	3.37031	3.38222	3.36213	3.37169	3.38062	3.36591	3.37035	3.38171	3.3743	3.37047	3.3856	3.37888	3.37562	3.38605

MM_ikj	1.42219	1.41689	1.4156	1.41705	1.42613	1.42629	1.42171	1.41956	1.42349	1.42731	1.42061	1.42215	1.42784	1.42713	1.4212	1.42277

MM_B_ijk	1.57531	1.57672	1.57716	1.60061	1.58064	1.57996	1.57808	1.58503	1.57368	1.57604	1.57235	1.57296	1.57491	1.57827	1.57512	1.59316

