Evaluation : N=301, type=float
MM_ijk	4.1756	4.14219	3.78469	3.3356	3.50969	3.32929	3.32971	3.33425	3.33247	3.35057	3.34722	3.32942	3.32044	3.32032	3.32609	3.39233

MM_ikj	3.57977	3.81123	3.92213	3.3532	1.99403	1.85526	1.834	1.84658	1.83032	1.83508	1.84053	1.85749	1.84338	1.83397	1.83416	1.83151

MM_B_ijk	1.54606	1.54525	1.54096	1.54463	1.55352	1.54355	1.54569	1.54543	1.5416	1.54624	1.54252	1.54613	1.55802	1.54581	1.67696	2.43598

Evaluation : N=301, type=float
MM_ijk	4.17109	4.13759	3.8282	3.30775	3.30481	3.31751	3.32433	3.32099	3.32837	3.33177	3.31518	3.33749	3.32307	3.32314	3.32814	3.32509

MM_ikj	1.85455	1.87751	1.86929	1.85781	1.85464	1.86475	1.86189	1.85841	1.85763	1.87409	1.86181	1.85286	1.85534	1.85707	1.85488	1.85381

MM_B_ijk	1.57654	1.5833	1.57959	1.57746	1.57999	1.58143	1.58026	1.58101	1.58399	1.58859	1.58155	1.58255	1.58306	1.58394	1.57523	1.58183

