Evaluation : N=42, type=float
MM_ijk	3.29438	2.74067	2.74394	2.74318	2.74351	2.74019	3.1671	2.74606	2.74267	2.74332	2.73576	2.74827	2.76695	2.74479	2.75625	2.74308

MM_ikj	1.65696	1.63565	1.64379	1.63592	1.64062	1.64581	1.64907	1.64611	1.65083	1.64673	1.96842	2.11149	1.64637	1.64587	1.64477	1.63492

MM_B_ijk	1.88201	1.86636	1.86245	1.86354	1.86264	1.86386	1.8655	1.86431	1.86648	1.8659	1.86416	1.86558	1.86405	1.86569	1.86578	1.86501

Evaluation : N=42, type=float
MM_ijk	3.74525	3.17182	3.57344	3.03828	3.02322	3.03997	3.02176	3.03864	3.02461	3.03871	3.02303	3.03836	3.44673	2.90816	2.92258	2.9063

MM_ikj	1.64429	1.63452	2.21254	1.63384	1.63275	1.63403	1.63287	1.63367	1.63345	1.63302	1.634	1.63277	1.63402	1.63296	2.09155	1.57233

MM_B_ijk	1.80422	1.79593	1.79534	1.7973	1.79638	1.79689	1.79589	1.79605	1.79476	1.79553	1.79697	1.79577	1.79619	1.79535	1.7972	1.79464

Evaluation : N=42, type=float
MM_ijk	3.49268	2.86511	2.87585	2.85564	2.8559	2.85512	2.85286	2.85188	2.85242	2.92764	3.04743	3.3331	3.20276	2.93571	3.03079	3.62663

MM_ikj	1.71592	1.6999	1.69914	1.69867	1.69895	1.6984	1.69911	1.69826	1.6993	1.69814	1.6993	1.69806	1.69941	1.69812	1.69941	1.69809

MM_B_ijk	1.954	1.94002	2.48627	1.93884	1.93675	1.93834	1.93655	1.93691	1.93729	1.93809	1.93767	1.93628	1.93964	1.93737	1.93626	1.93855

