Evaluation : N=245, type=float
MM_ijk	3.77017	3.29976	3.26134	3.2386	3.24915	3.23459	3.25278	3.24258	3.23453	3.23602	3.23872	3.23783	3.23421	3.24256	3.2378	3.23444

MM_ikj	1.89762	1.83919	1.88522	1.88314	1.84388	1.88892	1.83974	1.88302	1.89101	1.83381	1.89101	1.8717	1.85403	1.88981	1.83085	1.88772

MM_B_ijk	1.55191	1.59756	1.53809	1.59501	1.57207	1.56552	1.59286	1.54281	1.59796	1.53326	1.5964	1.55661	2.17493	1.53934	1.90784	1.53371

Evaluation : N=245, type=float
MM_ijk	3.92641	3.85164	3.87054	3.84842	3.79382	3.27606	3.2299	3.25834	3.22745	3.25291	3.23095	3.22686	3.23688	3.22687	3.22855	3.226

MM_ikj	1.83473	1.85646	1.85931	1.8332	1.86418	1.84429	1.88955	1.86922	1.8344	1.94942	1.96142	1.8801	1.87461	1.83637	1.86744	1.88413

MM_B_ijk	1.53257	1.54773	1.53563	1.54705	1.53763	1.54686	1.53432	1.55356	1.53088	1.55308	1.53083	1.55237	1.52991	1.55218	1.53024	1.56672

Evaluation : N=245, type=float
MM_ijk	3.93909	3.87138	3.92808	3.84471	3.85386	3.7994	3.26743	3.23587	3.22572	3.23009	3.22707	3.22566	3.22684	3.23066	3.22624	3.2235

MM_ikj	1.87762	1.83769	1.87921	1.85673	1.83541	1.86877	1.83629	1.85517	1.85417	1.83425	1.85976	1.83595	1.89707	1.88679	1.84367	1.89806

MM_B_ijk	1.54052	1.60545	1.53355	1.60737	1.53228	1.60347	1.5319	1.60757	1.54448	1.62441	1.6719	1.61456	1.58348	1.58139	1.60005	1.55569

