Evaluation : N=103, type=float
MM_ijk	3.42514	3.37892	3.74774	3.31088	3.426	3.27987	3.31867	3.28013	3.28007	3.32983	3.27987	3.37619	3.36312	3.32893	3.35638	3.47759

MM_ikj	2.37775	2.32907	2.28675	2.43319	2.35297	2.28603	2.28602	2.31554	2.28594	2.28594	2.28591	2.30325	2.36935	2.28587	2.32041	2.34318

MM_B_ijk	1.94793	1.92197	1.85541	1.98672	1.8302	1.82985	1.82952	1.87409	1.83026	1.83039	1.83122	1.85356	1.8303	2.03543	2.19662	3.10859

Evaluation : N=103, type=float
MM_ijk	3.60683	4.06146	3.61442	3.65348	3.52019	3.57914	3.63596	3.78422	3.7535	3.50092	3.4781	3.51603	3.43064	4.05807	3.43707	3.47987

MM_ikj	2.33764	2.71639	2.96132	3.05974	2.96119	3.98441	4.21871	3.01147	2.82153	2.86809	2.6985	2.8181	2.41044	2.41561	2.99779	3.52016

MM_B_ijk	2.194	1.98336	1.99249	2.0263	1.94616	2.07966	2.07692	1.94605	1.89329	1.93421	1.81178	1.8429	1.84116	1.84807	2.10888	1.95102

Evaluation : N=103, type=float
MM_ijk	3.90132	4.50145	4.0889	3.98521	3.73635	3.48104	3.73245	3.81873	3.61428	3.56254	3.41164	3.87849	4.0907	3.7724	3.584	3.43634

MM_ikj	2.45566	2.40943	2.55821	2.379	2.55005	2.28599	2.30716	2.43342	2.61391	2.7481	2.68687	3.0063	2.57345	2.36547	2.28706	2.35571

MM_B_ijk	1.85924	2.0877	2.01297	1.95627	1.97028	1.76308	1.76266	1.8241	1.7481	2.09333	1.69926	1.98647	1.71224	3.01525	1.87721	1.94131

