Evaluation : N=74, type=float
MM_ijk	3.19088	3.05513	3.2046	2.94967	2.80123	2.80779	2.80372	2.93124	2.91365	3.00755	2.94231	2.9338	2.9212	2.93726	2.94164	2.93396

MM_ikj	1.54281	1.66631	2.31733	2.19748	1.54914	1.6469	1.65966	1.58841	1.55805	1.5509	1.56357	1.55542	1.55142	1.60105	1.55698	1.77097

MM_B_ijk	1.77401	1.77284	1.77206	1.77197	1.77194	1.77244	1.77236	1.77206	1.77246	1.77249	1.77252	1.82087	1.77167	1.77212	1.7722	1.77226

Evaluation : N=74, type=float
MM_ijk	3.2857	3.02956	3.07081	4.12824	3.37383	3.17428	3.27092	3.17019	3.17027	3.17026	3.17052	3.16996	3.17014	3.21575	3.15898	3.15749

MM_ikj	1.66755	1.66554	1.6654	1.66548	2.30512	2.34515	1.66637	2.03518	1.66565	1.66558	1.66586	1.66536	1.6654	1.66602	1.66552	1.66545

MM_B_ijk	2.18782	1.91397	1.91415	3.32632	2.7976	2.21169	1.9901	2.05741	2.70117	2.1078	2.79234	2.21979	3.12009	2.484	1.91423	1.91414

Evaluation : N=74, type=float
MM_ijk	3.2794	3.02368	3.02407	3.02334	3.17302	3.17772	3.1778	3.17782	3.17756	3.17763	3.17768	3.22851	3.17265	3.17262	3.17281	3.17283

MM_ikj	1.66621	1.66558	1.66559	1.66549	1.72304	1.6655	1.66535	1.66541	1.6655	1.66552	1.66545	1.8775	1.6654	1.66549	1.66553	1.66546

MM_B_ijk	1.91633	2.02719	2.32521	1.91371	2.0998	3.25651	2.67855	2.14804	2.02912	1.93494	1.91584	2.48788	2.12443	2.03876	2.22259	1.91396

