Evaluation : N=225, type=float
MM_ijk	3.81965	3.74895	4.09114	4.17558	4.19359	4.15868	4.14126	3.74702	3.1886	3.22266	3.22448	3.22895	3.2076	3.19197	3.2147	3.22298

MM_ikj	1.90758	1.86459	1.88121	1.87808	1.84998	1.93572	1.8424	1.92158	1.84046	1.91581	1.83328	1.91784	1.83672	1.91758	1.83325	1.92218

MM_B_ijk	1.52963	1.54183	1.62492	1.52557	1.62382	1.55303	1.57297	1.56379	1.5288	1.554	1.53763	1.53892	1.55795	1.52896	1.55193	1.54865

Evaluation : N=225, type=float
MM_ijk	4.08169	4.00546	4.03245	3.98282	3.99283	3.97783	3.55322	3.23569	3.22239	3.21952	3.24459	3.19849	3.23698	3.23498	3.24634	3.24536

MM_ikj	1.84452	1.93186	1.84544	1.9214	1.87985	1.925	1.8595	1.91703	1.86402	1.90701	1.87638	1.85564	1.91743	1.85167	1.91922	1.85089

MM_B_ijk	1.64526	1.53284	1.62246	1.55078	1.54186	1.64132	1.53301	1.63586	1.54434	1.54028	1.64281	1.52534	1.63291	1.54974	1.54283	1.63755

Evaluation : N=225, type=float
MM_ijk	4.07825	4.01594	4.03404	3.98901	4.01132	4.009	3.51971	3.24136	3.22572	3.22474	3.22316	3.18141	3.22468	3.26481	3.23073	3.22452

MM_ikj	1.83884	1.92779	1.83455	1.92015	1.84763	1.90611	1.85671	1.88669	1.881	1.8529	1.91447	1.8497	1.91829	1.83991	1.92986	1.84496

MM_B_ijk	1.63953	1.52905	1.80739	1.93558	1.5513	1.64126	1.53862	1.64114	1.53937	1.54221	1.63513	1.54155	1.62899	1.53994	1.55027	1.63199

