Evaluation : N=217, type=float
MM_ijk	4.05326	3.96824	3.97174	3.96549	3.97169	3.99113	3.88646	3.29019	3.19927	3.18812	3.2263	3.16508	3.17553	3.18733	3.15878	3.17763

MM_ikj	1.87799	1.83976	1.85207	1.86661	1.85106	1.86853	1.84125	1.8667	1.84494	1.85083	1.86699	1.83947	1.8812	1.83512	1.85983	1.86171

MM_B_ijk	1.5437	1.56294	1.53603	1.54591	1.56343	1.52931	1.5451	1.569	1.6579	1.86507	1.54447	1.54392	1.56652	1.55553	1.54011	1.56173

Evaluation : N=217, type=float
MM_ijk	4.0248	3.93913	3.94512	4.00369	3.95685	3.94224	3.83755	3.30179	3.20288	3.1778	3.18218	3.18002	3.16855	3.17454	3.18966	3.16259

MM_ikj	1.88434	1.85145	1.86837	1.83574	1.87415	1.84458	1.85032	1.86628	1.8449	1.92239	1.83423	1.87223	1.84593	1.85074	1.86642	1.8513

MM_B_ijk	1.55877	1.54041	1.5344	1.60404	1.57186	1.55719	1.55872	1.55533	1.55351	1.55439	1.53685	1.53528	1.56203	1.53565	1.53951	1.56369

Evaluation : N=217, type=float
MM_ijk	3.88586	3.80722	3.79688	3.80474	3.77167	3.32883	3.18342	3.18301	3.16697	3.17609	3.19087	3.16055	3.18379	3.18726	3.18705	3.16232

MM_ikj	1.86689	1.8414	1.87144	1.84006	1.85184	1.87441	1.85286	1.86872	1.84299	1.86797	1.84509	1.85363	1.86937	1.85067	1.86515	1.83728

MM_B_ijk	1.54717	1.56801	1.54988	1.54141	1.56322	1.54353	1.55385	1.5467	1.55387	1.56357	1.54199	1.5431	1.57138	1.52889	1.54672	1.56302

