Evaluation : N=264, type=float
MM_ijk	3.68627	3.28456	3.21891	3.19077	3.22082	3.1988	3.19115	3.21902	3.18545	3.19354	3.21403	3.19212	3.18897	3.19701	3.21069	3.18349

MM_ikj	0.347989	0.349322	0.386882	0.364623	0.345969	0.344248	0.342941	0.352487	0.344288	0.386973	0.361965	0.345816	0.345132	0.343042	0.346818	0.349329

MM_B_ijk	1.58883	1.60252	1.52932	1.59183	1.59075	1.5323	1.56077	1.53223	1.54056	1.55719	1.53087	1.54487	1.54773	1.52953	1.5493	1.65522

Evaluation : N=264, type=float
MM_ijk	4.04797	4.00592	3.35226	3.19025	3.21586	3.18755	3.21267	3.28824	3.20045	3.18267	3.1891	3.18647	3.17849	3.19977	3.22041	3.20158

MM_ikj	0.348244	0.348658	0.377063	0.37053	0.352117	0.419106	0.359228	0.348522	0.344415	0.385209	0.357096	0.346316	0.344281	0.343153	0.347114	0.349858

MM_B_ijk	1.59072	1.59822	1.52984	1.59064	1.59126	1.55717	1.59511	1.58606	1.53566	1.59948	1.53397	1.58715	1.59689	1.53304	1.61687	1.591

