Evaluation : N=46, type=float
MM_ijk	3.27796	2.80985	2.81046	2.80919	2.80896	2.81031	2.81012	2.80932	2.80751	2.81027	2.81334	2.80963	2.80733	2.81054	2.88305	2.80725

MM_ikj	1.62944	1.6265	1.62671	1.62695	1.62676	1.62658	1.62634	1.62618	1.62633	1.6265	1.62671	1.62673	1.62652	1.62632	1.62617	1.88447

MM_B_ijk	1.8828	1.87305	1.86947	1.86801	1.87343	1.87247	1.87327	1.8705	1.87463	1.87282	2.2279	2.50006	1.87528	1.87141	1.86985	1.8762

Evaluation : N=46, type=float
MM_ijk	3.39853	2.92544	2.95616	2.92253	3.52528	2.9255	3.27375	2.86322	2.86285	2.87105	2.86443	2.86334	2.86569	2.8577	2.86436	2.86323

MM_ikj	1.69589	1.69226	1.69182	1.69159	1.69165	1.69172	1.6917	1.69159	1.69159	1.69149	1.69145	1.69137	1.69135	1.69141	1.69147	1.75545

MM_B_ijk	1.95661	1.9492	1.94623	1.94632	1.94956	1.94672	1.94437	1.94321	1.95208	1.94892	1.94329	1.94405	1.94706	1.94752	1.94485	2.19031

Evaluation : N=46, type=float
MM_ijk	3.44885	3.04789	4.25728	3.95734	2.94372	2.90437	2.86907	2.87405	2.86321	2.86423	2.86346	2.91376	2.9045	2.87585	2.86525	2.86358

MM_ikj	1.69811	1.70414	1.76092	1.80573	1.79349	1.88056	1.80492	1.80776	1.87184	2.08517	1.90791	1.703	2.27735	1.69471	1.69135	1.69135

MM_B_ijk	1.95046	1.94371	1.94946	1.94847	1.94534	1.945	1.94959	1.94965	1.94669	1.94391	1.94685	1.9487	1.94302	1.9448	1.94459	1.94942

