Evaluation : N=67, type=float
MM_ijk	3.01121	3.0782	3.91235	3.12451	3.08824	2.80599	2.78184	2.96787	2.75235	2.74337	3.0543	2.95821	2.74171	2.74048	2.74067	2.74198

MM_ikj	2.11335	2.11189	2.45612	2.12866	2.12718	2.12748	2.12717	2.12738	2.12737	2.1272	2.12748	2.12719	2.12737	2.12737	2.12718	2.12748

MM_B_ijk	1.92512	1.83115	1.83128	1.8309	1.83039	1.83017	1.83015	1.83101	1.83054	1.83066	1.83048	2.11425	1.83066	1.83033	1.83077	1.83062

Evaluation : N=67, type=float
MM_ijk	3.13228	2.85103	4.03087	2.85016	2.96232	2.84927	2.85049	3.71721	2.84996	4.06513	2.85446	2.85087	2.85016	2.8496	2.84926	2.85097

MM_ikj	2.19707	2.19629	2.19656	2.19623	2.1963	5.3867	2.21231	2.21233	2.21256	3.35384	2.19625	2.19651	2.19622	2.19636	2.19645	2.19621

MM_B_ijk	3.02236	1.90474	1.90395	3.11531	1.90437	1.90413	2.09254	2.09025	1.90379	1.90441	1.90447	1.90413	1.90343	2.11154	1.90853	1.91726

Evaluation : N=67, type=float
MM_ijk	4.42525	4.0795	4.08639	4.08709	4.19534	4.15964	4.0824	4.08548	4.13871	4.08628	4.10841	4.24551	4.58633	4.40014	4.15781	4.1164

MM_ikj	4.54773	4.08244	4.19878	4.53085	4.21951	4.2174	4.22631	4.16275	4.1495	4.16651	4.30997	4.18611	4.18836	4.18296	4.18768	4.18421

MM_B_ijk	3.66416	3.73867	3.66655	3.68462	3.67852	3.68029	3.68242	3.95651	3.67791	3.73368	3.65259	3.6626	3.6764	3.67815	3.66279	3.66763

