Evaluation : N=516, type=float
MM_ijk	3.71157	3.39073	3.39329	3.54941	3.38216	3.3895	3.39106	3.3847	3.38565	3.39621	3.39761	3.54004	3.39829	3.40127	3.40652	3.40858

MM_ikj	0.383749	0.38627	0.389319	0.383868	0.38299	0.383202	0.384233	0.388181	0.387418	0.383008	0.383213	0.383537	0.383256	0.385629	0.385489	0.383368

MM_B_ijk	1.5994	1.57058	1.5662	1.60527	1.57275	1.57775	1.62383	1.56529	1.57205	1.57229	1.57211	1.57195	1.56611	1.57025	1.57181	1.58423

Evaluation : N=516, type=float
MM_ijk	4.08887	3.57356	3.60713	3.63856	5.33317	5.85434	4.76353	3.92307	4.14293	3.95385	3.80547	3.53217	3.75924	3.56375	3.71236	3.98145

MM_ikj	0.496589	0.489393	0.493975	0.491196	0.493845	0.491846	0.494022	0.49104	0.493923	0.491588	0.637282	0.531985	0.522426	0.587278	0.842938	0.620272

MM_B_ijk	1.62012	1.66211	1.57468	1.59923	1.58154	1.5784	1.57711	1.58186	1.57644	1.5757	1.60379	1.57395	1.56866	1.57477	1.58295	1.592

