Evaluation : N=165, type=float
MM_ijk	3.85222	3.91495	3.83204	3.7938	3.84102	3.76883	3.76322	4.00937	3.82515	3.84651	3.78457	3.80189	3.84893	3.76061	3.80835	3.81533

MM_ikj	2.30459	2.05325	2.04102	2.01001	1.86521	1.86005	1.91777	1.97245	1.91817	1.86366	1.87679	1.8729	1.90002	1.9788	1.87696	1.85803

MM_B_ijk	1.51753	1.54074	1.52546	1.57976	1.54086	1.52334	1.51954	1.53885	1.51763	1.56536	1.55342	1.52296	1.51741	1.51923	1.55021	1.61821

Evaluation : N=165, type=float
MM_ijk	3.88191	3.78165	3.93352	3.76991	3.8518	4.48864	4.21561	4.02119	3.7726	3.85024	3.79898	3.80827	3.85735	3.76001	3.72056	3.32674

MM_ikj	1.96848	1.8802	1.85932	1.9179	1.89506	1.86202	2.00061	1.86194	1.87668	1.91201	1.85707	1.85913	2.13901	3.5489	2.89819	2.47657

MM_B_ijk	2.15872	2.01258	2.25173	1.77978	1.52111	1.53631	1.5562	1.72691	1.57359	1.86431	1.60853	1.62676	1.88161	2.34338	1.58903	1.60958

Evaluation : N=165, type=float
MM_ijk	4.0207	4.11741	3.97822	3.9971	3.93107	3.98778	3.96355	3.3985	3.32367	3.21252	3.051	3.05698	3.16895	3.02963	3.05739	3.15786

MM_ikj	1.86583	1.86006	1.87266	1.89739	2.0072	1.90729	1.85998	1.87102	1.91051	2.13263	1.90641	1.85882	2.10766	2.80523	2.32384	2.17007

MM_B_ijk	1.5789	1.60346	1.52272	1.74175	1.64908	1.56211	1.54113	1.58928	1.58647	1.70557	1.64421	1.6108	1.60942	1.59491	1.67895	1.61261

