Evaluation : N=326, type=float
MM_ijk	3.69195	3.40234	3.38716	3.371	3.38548	3.37435	3.38297	3.38737	3.36998	3.37969	3.36839	3.37464	3.39094	3.37079	3.38106	3.36475

MM_ikj	1.42086	1.42565	1.41929	1.4201	1.4177	1.4153	1.41408	1.41412	1.4168	1.41304	1.41677	1.41636	1.42593	1.42509	1.41896	1.41318

MM_B_ijk	1.56604	1.5701	1.5723	1.59277	1.57442	1.56578	1.57231	1.57069	1.59506	1.56705	1.56859	1.54159	1.54137	1.54605	1.54168	1.5378

Evaluation : N=326, type=float
MM_ijk	4.26658	3.49032	3.37954	3.38312	3.37232	3.38148	3.3906	3.46058	3.38309	3.37348	3.76666	3.5501	3.5521	3.37852	3.38932	3.38028

MM_ikj	1.44384	1.41935	1.42234	1.41777	1.42048	1.45523	1.44066	1.42916	1.41934	1.48672	1.56495	1.58915	1.63068	1.81712	1.95471	1.71853

MM_B_ijk	1.78008	1.71406	1.71848	1.73394	2.06842	1.83717	1.74007	1.74827	1.81239	1.73482	1.74389	1.83061	1.86976	2.41331	2.25096	2.07618

