Evaluation : N=121, type=float
MM_ijk	5.78436	5.03163	4.92493	4.97106	5.08347	5.23664	5.07178	5.05195	4.99973	5.08464	5.20978	5.0432	5.232	5.05833	4.96321	5.1454

MM_ikj	3.35823	3.29735	3.27413	3.25976	3.36943	3.41978	3.40199	3.53206	3.28888	3.26027	3.26874	3.36162	3.31862	3.28646	3.47414	3.42053

MM_B_ijk	2.65328	2.62764	2.64628	2.62796	2.74002	2.688	2.66703	2.82917	2.79188	2.65667	2.62759	2.64395	2.62781	2.73378	2.68648	2.65678

Evaluation : N=121, type=float
MM_ijk	4.17312	3.92688	3.61731	4.08483	4.18241	3.57985	3.55487	3.78043	4.46752	4.25216	4.32148	4.33836	4.03886	4.51418	4.71004	3.48696

MM_ikj	2.24796	2.89878	3.479	2.1757	2.17351	2.24134	2.22196	2.27412	2.26408	2.1942	2.15445	2.09859	2.10855	2.09596	2.11977	2.09414

MM_B_ijk	1.7371	1.70659	2.35577	2.97867	3.03111	3.17808	3.50326	3.29852	3.75855	2.98948	1.9469	2.02659	1.90549	1.71218	1.81785	1.79365

Evaluation : N=121, type=float
MM_ijk	4.91435	4.95163	3.82753	4.70912	4.11704	4.27276	4.98799	4.18602	4.54516	4.28716	4.26866	3.90989	4.73007	5.35474	4.18341	4.46359

MM_ikj	2.67857	2.83062	2.54936	3.71545	3.13262	2.87577	2.49054	3.11716	2.79053	2.85345	2.53129	3.80142	2.91162	2.98398	2.25886	2.75885

MM_B_ijk	2.04954	2.15769	1.96954	1.76445	1.77256	3.32371	3.66722	2.52369	2.16853	2.79612	1.93328	2.21486	1.71633	1.70955	2.2511	1.91149

