Evaluation : N=158, type=float
MM_ijk	3.98074	3.87344	3.83027	3.88493	3.82735	3.79608	3.88693	3.82602	3.9655	3.8357	3.60115	3.27855	3.20435	3.13799	3.06403	3.06136

MM_ikj	1.48411	1.51368	1.4733	1.46139	1.46361	1.46237	1.46026	1.49854	1.46088	1.55534	1.49988	1.45065	1.4528	1.45171	1.44944	1.48847

MM_B_ijk	1.53066	1.5789	1.55921	1.7082	1.52571	1.52777	1.52775	1.55126	1.56383	1.56127	1.52541	1.55802	1.53205	1.52527	1.55149	1.54009

Evaluation : N=158, type=float
MM_ijk	4.05993	3.80787	3.82295	3.90067	3.8364	3.86153	3.89216	3.81169	3.97135	3.87325	3.79978	3.54852	3.36727	3.15509	3.06866	3.09827

MM_ikj	1.53758	1.46497	1.44964	1.45703	1.45206	1.47291	1.45405	1.50552	1.50057	1.46858	1.46053	1.4624	1.46457	1.48172	1.46326	1.50989

MM_B_ijk	1.57775	1.8361	1.53608	1.52536	1.52826	1.54959	1.5562	1.5906	1.5324	1.5279	1.52545	1.52772	1.55118	1.5302	1.58845	1.55491

Evaluation : N=158, type=float
MM_ijk	4.1294	3.9786	3.89323	3.91304	4.01638	3.89571	3.85013	3.94046	3.88362	3.27269	3.36432	3.11029	3.06213	3.10284	3.19286	3.10495

MM_ikj	1.46679	1.47668	1.48445	1.47597	1.63431	1.48639	1.46993	1.46816	1.46045	1.4745	1.48274	1.54232	1.57597	1.48866	1.47173	1.46445

MM_B_ijk	1.52541	1.79209	1.60905	1.75065	1.56561	1.53665	1.52978	1.52536	1.56239	1.57484	1.83719	1.57707	1.53604	1.55372	1.55409	1.55005

