Evaluation : N=268, type=float
MM_ijk	3.81385	3.6876	3.73176	3.66315	3.43429	3.17906	3.18389	3.19106	3.17497	3.18883	3.19588	3.18363	3.19151	3.17774	3.18242	3.19009

MM_ikj	0.34442	0.347163	0.3441	0.348165	0.348371	0.35831	0.350207	0.345203	0.343373	0.348248	0.34827	0.344509	0.357844	0.349596	0.345091	0.344109

MM_B_ijk	1.55765	1.54023	1.55415	1.55888	1.54131	1.55267	1.56115	1.54023	1.54871	1.55581	1.54228	1.65522	1.56036	1.56658	1.58137	1.56426

Evaluation : N=268, type=float
MM_ijk	3.89044	3.80955	3.34197	3.17887	3.19288	3.19664	3.1765	3.1828	3.18946	3.17835	3.18887	3.18303	3.19401	3.52818	3.22999	3.20505

MM_ikj	0.367719	0.350164	0.344774	0.344313	0.34408	0.353212	0.387624	0.359575	0.345162	0.343068	0.344322	0.352228	0.347143	0.387306	0.35823	0.345187

MM_B_ijk	1.59609	1.53822	1.60653	1.59609	1.54266	1.59923	1.59229	1.55351	1.59393	1.59692	1.5555	1.67712	2.39127	3.31445	3.43237	3.64608

