Evaluation : N=98, type=float
MM_ijk	3.43793	3.07784	3.01883	2.91675	2.85244	2.71827	2.71817	2.8208	3.29182	2.97358	2.72699	3.00857	2.71849	2.71818	2.77748	2.71772

MM_ikj	1.38073	1.38011	1.38009	1.3988	1.38007	1.38008	1.38009	1.38007	1.38008	1.38007	1.518	1.47109	1.38009	1.38007	1.38007	1.38007

MM_B_ijk	1.67698	1.63074	2.38022	1.83874	1.6156	1.58664	1.66925	1.62237	1.5799	1.58114	1.58131	1.58049	1.62727	1.58083	1.58156	1.58044

Evaluation : N=98, type=float
MM_ijk	3.47336	3.44159	3.26152	3.26169	3.32812	3.2601	3.26036	3.28456	3.26037	3.27342	3.29519	3.26377	3.26576	3.4141	3.43082	3.54796

MM_ikj	1.65791	1.73328	1.73652	1.69839	1.67374	1.73427	1.68293	1.69093	1.65675	1.65609	1.65609	1.71696	1.75276	1.70367	1.69748	1.67144

MM_B_ijk	1.97123	1.89486	1.89655	1.89695	1.89516	1.92273	1.97663	1.99163	1.98618	1.93819	2.0115	1.89627	2.02642	1.94524	1.92498	2.00647

Evaluation : N=98, type=float
MM_ijk	3.55775	4.33874	3.59959	3.29047	3.92227	3.26177	3.69839	4.76407	3.83627	3.65068	3.65146	3.29997	3.26166	4.38444	3.66691	3.5272

MM_ikj	2.06661	1.74698	1.65608	1.65608	1.65608	1.7158	2.87163	2.5605	1.84056	1.68681	2.05306	2.15195	1.6569	1.65608	1.65608	1.65609

MM_B_ijk	1.93124	2.90889	2.23408	1.89689	1.93175	2.16365	2.28215	1.89629	1.89645	2.00676	1.89612	2.90765	2.37556	2.10227	3.1768	2.38063

