Evaluation : N=96, type=float
MM_ijk	3.48614	3.20393	2.99777	2.83651	2.71902	2.56347	2.56343	2.56341	2.59053	2.56586	2.54208	2.39984	2.44088	2.40153	2.40142	2.50561

MM_ikj	0.35769	0.355344	0.355304	0.355399	0.355531	0.355508	0.375974	0.365103	0.356414	0.356008	0.356191	0.356059	0.355972	0.356012	0.356382	0.358277

MM_B_ijk	1.51939	1.61693	1.61592	1.75493	1.91361	1.6351	1.70283	1.72545	1.62525	1.62325	1.68742	1.56995	1.57009	1.56996	1.56982	1.56968

Evaluation : N=96, type=float
MM_ijk	3.33406	3.14212	3.09568	2.99108	2.82187	2.71464	2.56535	2.56559	2.565	2.58329	2.56378	2.56407	2.56363	2.63424	2.56627	2.56573

MM_ikj	0.381023	0.379925	0.483053	0.379826	0.379918	0.380441	0.380438	0.380321	0.380416	0.38049	0.380485	0.491018	0.380688	0.380407	0.380402	0.380544

MM_B_ijk	1.62466	1.62357	1.67867	1.68162	2.05162	1.68659	1.68865	1.80671	1.7383	1.68194	1.75459	1.68206	1.68203	1.68204	1.68204	1.6821

Evaluation : N=96, type=float
MM_ijk	3.14023	3.00927	2.97466	2.97458	2.97459	3.00474	2.97702	2.97693	2.9991	3.15793	3.66003	3.21007	3.09191	3.1453	3.01916	2.97354

MM_ikj	0.4417	0.440635	0.440197	0.440475	0.440475	0.440988	0.440893	0.441028	0.440895	0.441016	0.440935	0.441005	0.441124	0.441171	0.440936	0.573201

MM_B_ijk	1.88396	1.88369	1.8833	1.88369	1.88348	1.99367	1.88417	1.87276	1.92461	1.81072	1.8365	1.81113	1.92366	2.18257	2.4229	2.03504

