Evaluation : N=77, type=float
MM_ijk	3.18203	3.32829	3.01264	2.86757	2.91494	2.76515	2.81583	2.67003	2.79307	2.5774	2.58097	2.57773	2.58099	2.57751	2.58086	2.57789

MM_ikj	2.08515	2.03917	2.0391	2.03899	2.03905	2.22395	2.0391	2.03902	2.03906	2.10998	2.17145	2.02864	2.10967	2.10545	2.26231	2.19321

MM_B_ijk	1.75272	1.87398	1.73085	2.04666	1.77791	1.86115	1.82678	1.82522	1.64876	1.64909	1.64896	1.64838	1.64873	1.64869	1.75125	1.64787

Evaluation : N=77, type=float
MM_ijk	5.31619	4.63615	5.02379	4.75171	4.66192	4.60123	4.63392	4.56291	24.5424	4.51311	4.50306	4.41619	4.49397	4.67092	4.42685	4.49246

MM_ikj	3.8014	4.96953	4.90195	4.67149	4.59275	4.2563	3.71988	3.70387	3.31023	3.57582	3.47559	3.41204	3.62895	3.59862	2.87273	2.47844

MM_B_ijk	1.94215	1.96671	2.47217	1.92645	3.15869	3.92881	3.6911	1.91653	1.91775	2.10453	2.7886	3.1314	2.27701	2.12092	2.0251	1.98946

Evaluation : N=77, type=float
MM_ijk	3.30847	3.0885	3.09352	3.0899	3.09312	3.24792	3.12598	3.08942	3.09388	3.10392	3.09069	3.32251	3.09425	3.08919	3.1223	3.09019

MM_ikj	2.47185	2.51199	2.73342	2.51929	2.46856	2.52421	2.61838	2.63655	2.66142	2.44715	2.81134	2.44764	2.44692	2.44693	2.44697	2.44694

MM_B_ijk	1.91387	1.91283	1.97736	1.91264	1.91181	1.91247	1.91261	1.91256	1.91152	1.9123	1.91234	1.91221	1.91248	1.95933	1.91242	1.91225

