Evaluation : N=163, type=float
MM_ijk	3.79969	3.46303	3.40638	3.24827	3.14869	3.09562	3.09869	3.04131	3.16409	3.29938	3.03527	3.07769	3.09032	3.06364	3.04777	3.05949

MM_ikj	1.93956	1.85838	1.8605	1.90077	1.86241	1.92108	1.88668	1.85987	1.87707	1.88209	1.86145	1.93467	1.8673	1.86077	2.01614	1.8667

MM_B_ijk	1.56164	1.55452	1.52373	1.52248	1.54938	1.54632	1.52382	1.58102	1.55474	1.52014	1.52277	1.54713	1.55062	1.52407	1.57948	1.54864

Evaluation : N=163, type=float
MM_ijk	3.69856	3.76542	3.65565	3.64678	3.78471	3.62658	3.66784	3.76782	3.65491	3.19677	3.19854	3.03261	3.05876	3.19181	3.0541	3.04028

MM_ikj	1.89513	2.04765	1.8882	1.86295	1.85679	1.87297	2.02158	1.96324	1.86928	1.86145	1.89216	1.88888	2.05229	1.87163	1.86129	1.87117

MM_B_ijk	1.54671	1.73236	1.61922	1.53135	1.52071	1.52486	1.56333	1.54926	1.74903	1.57119	1.53353	1.52571	1.52067	1.56611	1.60956	1.70909

Evaluation : N=163, type=float
MM_ijk	4.70285	4.41918	4.0817	3.66563	3.19183	3.3055	3.54999	3.52319	3.62561	3.40506	3.30358	3.27072	3.03748	3.03848	3.15344	3.10011

MM_ikj	1.87897	1.87258	1.85811	2.02622	1.94977	1.86719	1.86081	1.90716	2.01695	2.11903	1.86737	1.8618	1.87193	1.89511	2.03281	1.90434

MM_B_ijk	1.52037	1.55394	1.54452	1.52344	1.75626	1.6331	1.52847	1.5281	1.52017	1.56362	1.59277	1.72497	1.55935	1.53325	1.52436	1.54285

