Evaluation : N=115, type=float
MM_ijk	3.68891	3.50666	3.52486	3.52571	3.59273	3.72414	3.69767	3.50649	3.51877	3.50652	3.54327	3.56601	3.52104	3.76855	3.60812	3.5342

MM_ikj	2.35631	2.36871	2.35616	2.43958	2.38041	2.36044	2.3759	2.36465	2.61743	2.38908	2.47852	2.39262	3.00893	2.62526	2.43244	2.3936

MM_B_ijk	1.92361	1.90786	1.95114	1.90207	1.98072	2.0705	1.91758	2.10372	1.94547	1.90183	1.90172	1.91114	1.90205	1.90172	1.90175	1.91291

Evaluation : N=115, type=float
MM_ijk	3.86525	3.72514	3.37117	3.46283	3.33317	3.25909	3.24744	3.34188	3.15215	3.29072	3.30886	3.13067	3.14573	3.14167	3.03295	3.02346

MM_ikj	2.02541	2.02975	1.96986	2.02023	2.1252	1.99039	2.07691	1.9724	1.96898	1.98242	1.98732	1.90646	1.91648	1.90543	1.9055	1.91512

MM_B_ijk	2.21496	1.83163	1.64823	1.71427	1.58213	1.55679	1.6372	1.53755	1.53774	1.53779	1.55101	1.5378	1.53773	1.53733	1.55091	1.53742

Evaluation : N=115, type=float
MM_ijk	3.66307	4.1487	4.08605	3.79507	4.60609	4.21111	3.93083	3.51985	4.66138	3.93344	3.52279	4.64978	4.41103	3.56483	4.15271	4.10594

MM_ikj	2.6588	2.35615	3.04479	2.82478	2.98943	3.12653	2.65917	3.0023	2.94342	2.79008	2.41392	2.35603	3.04521	2.91544	2.9254	2.8878

MM_B_ijk	3.22869	2.54563	2.30781	2.15916	1.90211	2.00844	2.55273	2.54684	2.22821	2.15022	1.98279	2.55482	2.8934	2.9149	2.34297	1.90177

