Evaluation : N=236, type=float
MM_ijk	3.95715	3.85822	3.8803	3.86046	3.86112	3.71989	3.19101	3.10582	3.11521	3.11679	3.12838	3.11581	3.13703	3.10966	3.09571	3.11149

MM_ikj	0.344834	0.362197	0.353724	0.35821	0.343256	0.344061	0.343121	0.347372	0.349604	0.344168	0.346293	0.364402	0.353573	0.347927	0.343503	0.34467

MM_B_ijk	1.53944	1.56671	1.54593	1.61406	1.54295	1.57294	1.5348	1.56164	1.54278	1.54489	1.56149	1.54051	1.56556	1.54154	1.56668	1.53587

Evaluation : N=236, type=float
MM_ijk	3.97782	3.8898	3.91881	3.9274	3.87754	3.87999	3.58442	3.13192	3.13345	3.13291	3.14147	3.13329	3.13112	3.11995	3.11712	3.1273

MM_ikj	0.401333	0.36207	0.357735	0.343961	0.346849	0.343359	0.344507	0.343085	0.356436	0.34891	0.399915	0.360224	0.363221	0.348003	0.343822	0.344716

MM_B_ijk	1.61146	1.56259	1.56004	1.70485	1.54521	1.63503	1.54452	1.6292	1.53461	1.64858	1.53369	1.63968	1.55456	1.66003	1.54862	1.56055

Evaluation : N=236, type=float
MM_ijk	3.96745	3.91818	3.91577	3.90971	3.88429	3.60087	3.1404	3.13017	3.12739	3.13827	3.12634	3.11603	3.11514	3.13468	3.14314	3.12984

MM_ikj	0.344899	0.349415	0.350831	0.402718	0.366703	0.351284	0.34698	0.346814	0.344957	0.343339	0.3497	0.343387	0.418508	0.355811	0.362995	0.345132

MM_B_ijk	1.53572	1.63259	1.53238	1.61907	1.54933	1.62683	1.56082	1.61328	1.55451	1.54654	1.62067	1.5478	1.6241	1.53235	1.64455	1.53661

