Evaluation : N=193, type=float
MM_ijk	3.88324	3.73653	4.32954	4.27136	4.31105	4.27068	4.37318	4.18714	4.29812	4.21711	3.47804	3.24728	3.10975	3.20976	3.1141	3.18894

MM_ikj	1.84337	1.86575	1.9759	1.84885	1.86228	1.95692	1.86145	1.8571	1.95578	1.89964	1.84907	1.93986	1.99253	1.98112	1.96873	2.10459

MM_B_ijk	1.64828	1.57684	1.62292	1.65358	1.54436	1.52889	1.64511	1.60864	1.53141	1.53668	1.64429	1.57259	1.5272	1.5379	1.70272	1.5758

Evaluation : N=193, type=float
MM_ijk	3.74021	3.62239	3.66785	3.82304	4.1429	4.12714	4.05373	4.1184	4.08034	4.03868	4.18439	3.94807	3.37902	3.16572	3.13191	3.1761

MM_ikj	1.86614	1.84652	1.92278	1.88978	1.85425	1.84255	1.96694	1.84475	1.86291	1.94074	1.87377	1.84974	1.92159	1.89053	1.85342	1.84274

MM_B_ijk	1.66633	1.54735	1.53026	1.53733	1.67608	1.5312	1.53091	1.53646	1.66826	1.53642	1.52602	1.52701	1.66578	1.54829	1.53108	1.53686

Evaluation : N=193, type=float
MM_ijk	4.02102	3.88834	3.97812	3.86985	4.02746	3.78434	3.28342	3.1417	3.10001	3.23956	3.10654	3.17651	3.10567	3.21812	3.11259	3.16564

MM_ikj	1.84738	1.86685	1.88744	1.86323	1.84229	1.87756	1.89327	1.8489	1.8681	1.91014	1.84775	1.87031	1.88684	1.87078	1.84588	1.87254

MM_B_ijk	1.57916	1.52817	1.53842	1.54082	1.5844	1.53138	1.52762	1.57488	1.6484	1.57965	1.53486	1.55124	1.58193	1.52714	1.53399	1.54064

