Evaluation : N=296, type=float
MM_ijk	4.13177	3.66593	3.446	3.80526	3.59343	3.2691	3.23061	3.24035	3.23947	3.24231	3.2586	3.24253	3.23498	3.22794	3.23246	3.23678

MM_ikj	0.353049	0.378042	0.358814	0.344252	0.345506	0.349511	0.38312	0.348295	0.38523	0.363876	0.382224	0.360098	0.357221	0.361645	0.358663	0.388155

MM_B_ijk	1.59535	1.57518	1.59525	1.58796	1.59205	1.58753	1.5772	1.60594	1.58238	1.58748	1.58159	1.57701	1.55183	1.58768	1.57927	1.5948

Evaluation : N=296, type=float
MM_ijk	4.10074	3.66427	3.24436	3.23679	3.2199	3.22591	3.23052	3.23312	3.24082	3.23134	3.24011	3.25926	3.22601	3.23123	3.23257	3.23721

MM_ikj	0.347691	0.347295	0.378182	0.353957	0.343182	0.34724	0.347141	0.379745	0.348219	0.344557	0.345613	0.34661	0.377027	0.362117	0.344919	0.347074

MM_B_ijk	1.58246	1.58519	1.59157	1.58939	1.58571	1.583	1.59062	1.54612	1.58198	1.58316	1.59192	1.58221	1.58635	1.58467	1.58507	1.59109

