Evaluation : N=68, type=float
MM_ijk	3.08089	2.81945	2.86423	2.71538	2.71093	2.9229	2.61032	2.61358	2.67918	2.52055	2.51706	2.62236	2.42998	2.43407	2.43002	2.49523

MM_ikj	0.380629	0.375741	0.375318	0.375448	0.375658	0.443155	0.375305	0.374399	0.374758	0.374555	0.374583	0.374711	0.37451	0.374723	0.374634	0.374478

MM_B_ijk	1.70749	1.62579	1.62552	1.62528	1.62506	1.7285	1.57132	1.57112	1.57117	1.57128	1.57075	1.57077	1.57101	1.57084	1.57135	1.6473

Evaluation : N=68, type=float
MM_ijk	3.07553	2.81928	2.8222	2.81922	2.8196	2.82222	2.98727	2.81891	2.81901	2.82261	2.81886	2.81926	2.82243	3.03352	2.81938	2.81916

MM_ikj	0.463636	0.450552	0.450543	0.45073	0.450679	0.544875	0.451128	0.450635	0.450574	0.450584	0.450686	0.450616	0.450584	0.450781	0.450581	0.721406

MM_B_ijk	1.89209	3.74251	3.81303	1.89115	2.09589	2.01263	1.94461	1.91559	1.88831	1.90718	2.28626	1.88731	2.01217	2.38159	2.11964	1.88609

Evaluation : N=68, type=float
MM_ijk	3.15818	2.82851	2.8618	2.83005	3.11298	2.88923	3.00084	2.82352	2.81885	3.08829	2.81923	2.81912	2.81855	2.81943	2.81912	2.81854

MM_ikj	0.453239	0.450469	0.450698	0.450422	0.450419	0.45081	0.450565	0.450527	0.45073	0.450501	0.450438	0.450705	0.451201	0.451443	0.451563	0.451258

MM_B_ijk	1.88745	2.33135	1.88594	1.88483	1.88542	1.88485	1.88567	1.88471	1.88543	1.88538	1.88555	1.88494	1.98031	1.81274	1.81296	1.81289

