Evaluation : N=192, type=float
MM_ijk	3.80916	3.70623	3.73495	3.66609	3.73449	3.73639	3.73559	3.72994	3.68177	3.75288	3.67546	3.3384	3.02673	3.06197	2.97634	3.06855

MM_ikj	0.344574	0.342923	0.346104	0.350426	0.343412	0.343263	0.345888	0.34333	0.343036	0.350748	0.344342	0.342785	0.352999	0.378759	0.346176	0.365373

MM_B_ijk	1.78929	1.79048	1.80888	1.84169	1.78313	1.80321	1.84416	1.79274	1.80974	1.79456	1.84399	1.78553	1.7975	1.83753	1.79693	1.7846

Evaluation : N=192, type=float
MM_ijk	3.81659	3.7612	3.67972	3.74068	3.74985	3.69368	3.73491	3.6851	3.7209	3.68038	3.44236	3.08694	3.00281	2.98042	2.99461	2.96385

MM_ikj	0.342728	0.349225	0.352302	0.370484	0.348967	0.369412	0.343785	0.3425	0.34643	0.343155	0.342539	0.342501	0.349059	0.342724	0.354516	0.342489

MM_B_ijk	1.79375	1.83822	1.78753	1.80289	1.83019	1.81289	1.78611	1.80884	1.84675	1.78689	1.80208	1.82349	1.80748	1.78314	1.80814	1.83437

Evaluation : N=192, type=float
MM_ijk	3.88971	3.79069	3.661	3.39784	3.40517	3.25957	3.24846	3.07718	3.13675	3.04325	3.05899	3.00941	3.07537	2.98818	3.14127	2.99226

MM_ikj	0.354116	0.363518	0.354803	0.343562	0.346686	0.356223	0.398268	0.435892	0.364617	0.349822	0.344009	0.367815	0.356137	0.348166	0.346336	0.354367

MM_B_ijk	1.8195	1.97129	1.83722	1.81571	1.82118	1.96953	1.81541	1.82202	1.97841	1.82239	1.81594	1.91416	1.89948	1.80443	1.82803	1.98383

