Evaluation : N=322, type=float
MM_ijk	4.11044	4.05478	3.43596	3.36837	3.36436	3.37267	3.36653	3.62656	3.53977	3.36487	3.36836	3.36623	3.44957	3.36728	3.36745	3.36151

MM_ikj	1.40384	1.40383	1.40179	1.40215	1.40365	1.4024	1.4071	1.40237	1.40368	1.40205	1.40151	1.40984	1.4392	1.41837	1.41208	1.41269

MM_B_ijk	1.56553	1.56226	1.56412	1.5696	1.5688	1.58589	1.57445	1.56169	1.56277	1.56472	1.56401	1.58923	1.56823	1.5634	1.56122	1.56135

Evaluation : N=322, type=float
MM_ijk	4.26433	4.13201	3.38635	3.37626	3.36261	3.36795	3.3614	3.36709	3.35986	3.37035	3.36113	3.36929	3.36551	3.36539	3.36565	3.36799

MM_ikj	1.41776	1.41904	1.41705	1.41835	1.41687	1.42139	1.4156	1.4182	1.41815	1.42263	1.41798	1.40729	1.40133	1.40847	1.40626	1.40446

MM_B_ijk	1.54731	1.55346	1.54317	1.54337	1.55742	1.56031	1.54599	1.54804	1.55226	1.5435	1.5448	1.55144	1.54499	1.54601	1.5508	1.55562

