Evaluation : N=92, type=float
MM_ijk	3.48891	2.83682	2.78195	2.78036	2.81046	2.782	2.78124	2.78195	2.78165	2.80187	2.78267	2.78178	2.89495	3.06085	3.21941	3.27754

MM_ikj	0.430691	0.439437	0.428326	0.427285	0.423466	0.516394	0.432567	0.429133	0.425979	0.424938	0.424617	0.433516	0.500217	0.480074	0.440032	0.513715

MM_B_ijk	1.82965	1.82696	1.82656	2.06821	1.82694	1.8263	1.82615	1.82669	1.82671	1.86176	1.82668	1.82649	1.82648	1.89254	1.82674	1.82735

Evaluation : N=92, type=float
MM_ijk	3.27022	3.1029	3.20619	3.01231	3.68789	3.14603	2.97345	3.24062	2.89425	2.8917	3.00044	2.8931	2.89597	2.8931	2.92431	2.89146

MM_ikj	0.441507	0.440434	0.440363	0.44026	0.440389	0.441345	0.44152	0.441534	0.441544	0.441579	0.441541	0.441588	0.441548	0.468342	0.442004	0.441588

MM_B_ijk	1.90145	1.89998	2.01011	1.89992	1.89956	2.17062	2.04787	2.25579	2.77812	2.14789	2.00878	1.90271	2.39882	1.90119	1.89972	1.89968

Evaluation : N=92, type=float
MM_ijk	3.06621	2.95785	2.94632	2.89152	2.90014	2.92972	3.09837	2.98764	3.22363	3.08188	3.1157	2.9928	3.00224	2.94737	2.8918	2.89313

MM_ikj	0.44253	0.440669	0.440467	0.440491	0.440541	0.441618	0.44163	0.441698	0.48958	0.442738	0.441815	0.441577	0.441627	0.441606	0.441545	0.441639

MM_B_ijk	1.90041	1.91485	1.89981	1.90028	2.30388	1.8995	1.89975	1.89998	1.91049	1.89943	1.9279	1.89941	1.90066	2.11491	2.89984	2.10826

