Evaluation : N=283, type=float
MM_ijk	3.90607	3.8248	3.81583	3.75028	3.30789	3.31166	3.32177	3.3025	3.31348	3.32156	3.3012	3.31259	3.31752	3.3059	3.31094	3.31399

MM_ikj	1.84088	1.84181	1.8437	1.84427	1.83958	1.89916	1.87727	1.85937	1.84475	1.86281	1.84684	1.84153	1.84404	1.83833	1.83932	1.83004

MM_B_ijk	1.55427	1.54341	1.55253	1.55784	1.54794	1.54423	1.55493	1.55478	1.54312	1.54356	1.54505	1.54871	1.54393	1.53876	1.54455	1.5454

Evaluation : N=283, type=float
MM_ijk	4.1878	4.02734	3.33482	3.32435	3.31505	3.31466	3.33342	3.32231	3.30607	3.32345	3.32371	3.31136	3.3288	3.3211	3.31342	3.55306

MM_ikj	2.98764	1.85025	2.30858	1.87315	1.84587	1.86708	1.86308	1.86791	1.86577	1.8701	1.86914	1.86972	1.86704	1.86649	1.8648	1.86707

MM_B_ijk	1.5811	1.56018	1.59098	1.59317	1.58947	1.57791	1.58038	1.5877	1.59551	1.59351	1.5883	1.89514	2.57986	1.70356	1.55506	1.54448

