Evaluation : N=159, type=float
MM_ijk	3.69924	3.70988	3.63539	3.63731	3.71651	3.63006	3.60751	3.67944	3.77419	3.66923	3.41484	3.20206	3.06939	3.04109	3.14134	3.01993

MM_ikj	1.87557	1.98382	1.87128	1.94334	1.88072	1.8618	1.87371	1.88267	1.86957	1.94968	1.8753	1.86422	1.88246	1.88507	1.89131	2.14049

MM_B_ijk	1.5482	1.53888	1.53632	1.53414	1.55751	1.58344	1.58329	1.56073	1.53657	1.53407	1.55718	1.56322	1.54461	1.60731	1.57341	1.54075

Evaluation : N=159, type=float
MM_ijk	3.70384	3.5731	3.61096	3.48038	3.51893	3.58247	3.48614	3.50471	3.62756	3.55509	3.46899	3.61466	3.47231	3.51998	3.54948	3.50439

MM_ikj	2.13833	2.15841	2.19188	2.25425	2.14493	2.139	2.17396	2.14803	2.24906	2.14485	2.13747	2.12572	2.05681	1.94349	1.89045	1.86889

MM_B_ijk	1.53849	1.58872	1.53416	1.5568	1.6049	1.56965	1.54139	1.53622	1.53406	1.57251	1.54988	1.61263	1.57	1.54058	1.53781	1.53397

Evaluation : N=159, type=float
MM_ijk	3.74726	3.73318	3.65569	3.62951	3.72645	3.65437	3.61426	3.70525	3.70167	3.66681	3.66299	3.71772	3.61454	3.70468	3.69799	3.63078

MM_ikj	2.36287	2.34822	3.14928	3.30921	2.28667	2.50178	2.52869	2.26538	2.12967	1.98705	2.30769	1.95445	1.88503	1.92801	1.86885	1.99231

MM_B_ijk	1.77394	1.55649	1.59577	1.54237	1.53712	1.53405	1.79064	1.65202	1.55473	1.54332	1.53837	1.56074	1.55494	1.77878	1.62233	1.55449

