Evaluation : N=107, type=float
MM_ijk	3.45447	3.34011	3.31167	3.36309	3.31536	3.43743	3.76509	3.48207	3.40999	3.34906	3.31182	3.3266	3.31248	3.31233	3.49107	3.3168

MM_ikj	2.34477	2.77506	2.40167	2.38231	2.46581	2.2793	2.31637	2.28795	2.28315	2.30599	2.27881	2.27866	2.32866	2.30839	2.35792	2.27864

MM_B_ijk	1.929	2.55111	1.94664	1.90429	2.06031	1.82992	1.82932	1.93112	3.19722	1.95786	1.86481	1.82948	1.82936	1.82961	1.92065	1.8298

Evaluation : N=107, type=float
MM_ijk	3.72349	3.31188	3.32943	3.31166	3.33302	3.31154	3.32529	3.5029	3.44898	3.63652	3.39932	3.45874	3.31262	3.34365	3.31162	3.32903

MM_ikj	2.34845	2.27874	2.29602	2.27865	2.27927	2.53371	2.51657	2.39303	2.52546	2.27953	2.27871	2.30194	2.27928	2.27866	2.2948	2.27869

MM_B_ijk	1.83139	1.82922	1.91641	1.82922	1.82949	1.82993	1.91426	2.30959	2.37514	2.43158	2.37305	2.38513	2.39686	2.38574	2.38312	2.39121

Evaluation : N=107, type=float
MM_ijk	4.56563	4.12724	4.05179	3.49412	3.71014	3.46085	4.02168	4.27908	4.4216	3.90967	4.47357	4.7123	4.8513	4.90902	4.70458	4.9115

MM_ikj	4.43371	3.9209	3.36022	3.24008	3.34368	3.96428	4.2546	3.31179	3.43094	2.85121	2.54573	2.7271	2.58362	2.96647	2.87301	3.22013

MM_B_ijk	2.5413	2.28736	2.47366	2.62849	2.43664	2.45724	2.63135	2.82105	2.57822	2.23982	2.44077	2.56506	2.50112	2.79281	3.10173	3.19572

