Evaluation : N=313, type=float
MM_ijk	4.21172	3.55339	3.36465	3.32226	3.32018	3.32227	3.33046	3.31887	3.31922	3.32683	3.33855	3.31845	3.32115	3.32197	3.36013	3.32438

MM_ikj	1.83134	1.83343	1.83978	1.83307	1.82752	1.82911	1.84727	1.82863	1.83079	1.83666	1.8476	1.84665	1.83104	1.83844	1.84287	1.82986

MM_B_ijk	1.55041	1.54484	1.54419	1.54489	1.54734	1.54799	1.54392	1.54466	1.54723	1.54829	1.54593	1.57301	1.54984	1.55062	1.54708	1.54379

Evaluation : N=313, type=float
MM_ijk	3.91029	3.82147	3.68028	3.32082	3.33299	3.34814	3.34237	3.33251	3.33573	3.34637	3.33048	3.33392	3.33584	3.34558	3.37788	3.34086

MM_ikj	1.87177	1.85921	1.85083	1.84914	1.87225	1.84955	1.84518	1.84954	1.87137	1.85431	1.84995	1.86471	1.87167	1.85481	1.85098	1.85325

MM_B_ijk	1.58617	1.58532	1.57737	1.58939	1.58825	1.57526	1.57336	1.57646	1.57075	1.57098	1.57315	1.57052	1.5751	1.5845	1.5851	1.58896

