Evaluation : N=519, type=float
MM_ijk	4.39921	4.2337	4.65679	4.57506	4.1708	6.6394	8.09521	7.02253	5.75804	4.87459	4.51315	5.65948	4.18875	6.90804	7.9337	6.09496

MM_ikj	2.26202	1.88435	1.85129	1.85219	1.84644	1.84658	1.8456	1.84336	1.84595	1.8398	1.89043	2.0188	1.91818	1.83914	1.84995	1.8416

MM_B_ijk	1.55291	1.56467	1.57773	1.61117	1.56556	1.55737	1.59658	1.9582	1.58766	1.54757	1.75143	1.63059	1.55259	1.69894	1.5906	1.55744

Evaluation : N=519, type=float
MM_ijk	4.52346	4.20717	4.30396	4.34042	4.2948	5.63554	4.56545	4.55933	4.80052	4.59573	4.29398	4.34156	4.18709	4.53234	4.22268	4.24736

MM_ikj	1.92965	1.84608	1.86406	1.85645	1.85519	1.89026	1.87227	1.90772	2.00966	1.8829	1.92908	1.88558	1.86928	1.85115	1.85433	1.90394

MM_B_ijk	1.58968	1.58927	1.5962	1.58667	1.58785	1.57964	1.55302	1.55245	1.55379	1.55044	1.54985	1.58852	2.05437	1.83531	1.77689	1.78697

