Evaluation : N=324, type=float
MM_ijk	4.13983	3.33816	3.29381	3.28202	3.28645	3.27773	3.28821	3.27847	3.28439	3.27451	3.48823	3.90833	3.64851	3.53462	3.32605	3.27551

MM_ikj	0.421365	0.423916	0.414189	0.415784	0.426157	0.414805	0.416635	0.427631	0.41377	0.416218	0.424762	0.414601	0.416173	0.421498	0.417835	0.416309

MM_B_ijk	1.54274	1.55117	1.57756	1.56286	1.54329	1.55541	1.54236	1.55615	1.55062	1.54357	1.54492	1.54204	1.54592	1.55564	1.54896	1.54865

Evaluation : N=324, type=float
MM_ijk	4.00405	3.31879	3.28626	3.31021	3.28621	3.29005	3.28768	3.29272	3.2866	3.28839	3.29607	3.28429	3.29746	3.2831	3.30007	3.28736

MM_ikj	0.441858	0.418368	0.415739	0.441399	0.417436	0.416398	0.443255	0.417844	0.415678	0.439372	0.420387	0.416366	0.4336	0.425151	0.41608	0.420282

MM_B_ijk	1.59936	1.57164	1.56997	1.57609	1.57744	1.5992	1.57973	1.57072	1.57783	1.57404	1.60637	1.57986	1.57206	1.57551	1.57784	1.59984

