Evaluation : N=13, type=float
MM_ijk	4.29768	2.12563	2.11971	2.10332	2.10423	2.10696	2.11516	2.10878	2.11243	2.11516	2.11425	2.11516	2.11425	2.11243	2.11152	2.10787

MM_ikj	2.60583	2.52025	2.49659	2.48612	2.4843	2.48248	2.48202	2.48612	2.48885	2.49021	2.49158	2.49522	2.49294	2.48885	2.48657	2.48521

MM_B_ijk	2.24761	2.14747	2.11243	2.10514	2.12927	2.11516	2.1279	2.11516	2.12289	2.10878	2.10605	2.12426	2.10787	2.12517	2.11334	2.12881

Evaluation : N=13, type=float
MM_ijk	4.34684	2.15112	2.10696	2.10787	2.1097	2.11334	2.11061	2.11834	2.11743	2.10787	2.11425	2.10787	2.10878	2.10059	2.10514	2.11152

MM_ikj	2.61174	2.5066	2.49021	2.48384	2.49112	2.48976	2.49522	2.49386	2.49977	2.49386	2.49477	2.49067	2.49249	2.48657	2.48748	2.48703

MM_B_ijk	2.23213	2.14338	2.12062	2.1097	2.10787	2.1188	2.1015	2.11243	2.1015	2.1097	2.11516	2.10423	2.12699	2.11425	2.12153	2.11516

Evaluation : N=13, type=float
MM_ijk	4.26445	2.14065	2.11061	2.10332	2.10514	2.11243	2.10696	2.11561	2.11152	2.11516	2.11334	2.11243	2.10787	2.1097	2.10696	2.10787

MM_ikj	2.64588	2.52572	2.5025	2.48748	2.48885	2.48475	2.49158	2.48839	2.49613	2.4934	2.50023	2.49477	2.49431	2.48839	2.49067	2.4843

MM_B_ijk	2.29677	2.15476	2.11425	2.11425	2.11425	2.10787	2.10696	2.1097	2.10878	2.10378	2.10469	2.11334	2.1097	2.10878	2.11334	2.11425

