Evaluation : N=197, type=float
MM_ijk	3.82314	3.78515	3.81096	3.72646	3.87605	3.53839	3.2046	3.19641	3.13617	3.21146	3.12189	3.22931	3.15489	3.17014	3.12613	3.16127

MM_ikj	1.84303	1.88356	1.86849	1.84136	1.85608	1.89835	1.84082	1.85423	1.89749	1.84475	1.87023	1.90017	1.84534	1.88205	1.92642	1.84434

MM_B_ijk	1.53678	1.54007	1.57004	1.52706	1.54421	1.6097	1.54893	1.52105	1.54575	1.54461	1.56267	1.52101	1.54548	1.5692	1.53791	1.52099

Evaluation : N=197, type=float
MM_ijk	3.97384	3.94445	3.89536	3.89436	3.95267	3.32431	3.16569	3.14072	3.14514	3.15546	3.13128	3.16109	3.17937	3.16159	3.12513	3.22467

MM_ikj	1.84925	1.85245	1.9039	1.8412	1.85796	1.89977	1.84151	1.85814	1.88837	1.85601	1.84138	1.88346	1.88439	1.84683	1.89066	1.86292

MM_B_ijk	1.52998	1.53345	1.57662	1.53752	1.52706	1.53229	1.58821	1.52145	1.52125	1.53754	1.60268	1.52255	1.52926	1.54903	1.56869	1.52149

Evaluation : N=197, type=float
MM_ijk	3.78134	3.64861	3.66962	3.97787	4.09397	4.12736	4.10968	4.0678	4.12474	4.13998	4.04761	3.53776	3.19734	3.15733	3.17936	3.15019

MM_ikj	1.86999	1.96367	1.85734	1.85304	1.97436	1.84808	1.8644	1.9617	1.84711	1.8543	1.94797	1.87181	1.86506	1.94346	1.86988	1.85137

MM_B_ijk	1.65154	1.59387	1.52868	1.56774	1.65027	1.56941	1.52195	1.54315	1.67645	1.53561	1.52334	1.55758	1.66891	1.52732	1.53813	1.67179

