Evaluation : N=298, type=float
MM_ijk	4.27977	4.21954	3.8239	3.36985	3.39528	3.36404	3.36885	3.37449	3.36992	3.37416	3.37099	3.37165	3.37132	3.36726	3.37303	3.37157

MM_ikj	1.50269	1.43191	1.42927	1.41577	1.43042	1.43577	1.43239	1.43739	1.43678	1.42066	1.42547	1.43043	1.43511	1.43473	1.43173	1.42211

MM_B_ijk	1.55434	1.57662	1.57979	1.5778	1.58393	1.58095	1.57966	1.58218	1.58096	1.58079	1.58134	1.56968	1.5777	1.54844	1.57696	1.5762

Evaluation : N=298, type=float
MM_ijk	4.25781	4.17438	3.69445	3.36054	3.35043	3.35704	3.35726	3.35521	3.36755	3.35207	3.35769	3.35442	3.35325	3.3523	3.35391	3.35131

MM_ikj	1.45268	1.42931	1.42038	1.43232	1.4326	1.43712	1.43237	1.42696	1.40473	1.4293	1.42946	1.43248	1.42938	1.42998	1.40547	1.42604

MM_B_ijk	1.57843	1.57704	1.57241	1.57553	1.57615	1.5773	1.57725	1.57145	1.58014	1.54301	1.59426	1.57476	1.58045	1.57724	1.57478	1.57704

