Evaluation : N=89, type=float
MM_ijk	3.40808	3.23745	3.32494	3.2931	3.24851	3.25339	3.27369	3.2474	3.24364	3.24816	3.29081	3.57731	3.27924	3.28447	3.47662	3.36045

MM_ikj	2.41103	2.41012	2.41009	2.44698	2.41014	2.41008	2.41019	2.41009	2.49763	2.39818	2.39796	2.39794	2.39798	2.50808	2.54006	2.41002

MM_B_ijk	1.90437	1.91717	1.90321	1.96682	1.94381	2.18524	1.9269	1.91075	1.90838	1.94889	2.02744	1.90307	1.90318	1.90288	1.90289	1.90295

Evaluation : N=89, type=float
MM_ijk	4.21242	3.64709	3.31598	3.39711	3.35821	3.25588	3.2597	3.21671	3.30225	3.16286	3.13943	3.1742	3.32413	3.56193	3.32289	3.70006

MM_ikj	2.5085	3.02175	3.33967	3.04056	2.40461	2.44203	2.58786	2.46194	2.37862	2.35815	2.18751	2.17841	2.06846	2.19584	2.0533	2.12817

MM_B_ijk	1.64111	1.71117	1.65402	1.72976	1.90875	1.63252	1.53591	1.53553	1.53682	1.53699	1.53941	1.53624	1.57686	1.64074	1.61709	2.00498

Evaluation : N=89, type=float
MM_ijk	3.42034	3.24519	3.25086	3.36903	3.34995	3.44197	3.25649	3.48784	3.24157	3.24333	3.24005	3.30189	3.25142	3.24394	3.2773	3.24475

MM_ikj	2.41095	2.41006	2.41015	2.43896	2.41011	2.53062	2.41013	2.41003	2.41093	2.67099	3.16903	2.89969	2.47283	2.52114	2.52696	2.48917

MM_B_ijk	1.90457	1.90288	1.90362	1.95581	1.9031	1.90283	1.90282	1.90354	1.90265	1.90286	1.94179	1.90276	1.90291	1.90295	1.90295	1.90296

