Evaluation : N=55, type=float
MM_ijk	3.17902	2.81762	2.81612	2.81732	2.81843	2.81751	2.81598	2.81747	2.8177	2.818	2.81527	2.81786	2.81771	2.81805	2.81602	2.8178

MM_ikj	2.22297	3.32898	2.22222	2.22191	2.22211	2.22234	2.222	2.22197	2.22231	2.22218	2.22187	2.22215	2.22231	2.222	2.22196	2.22234

MM_B_ijk	1.93292	1.92692	1.92813	1.92957	1.92629	1.92825	1.92667	1.92853	1.9262	1.92695	2.07267	1.92685	1.926	1.9256	1.9275	1.92548

Evaluation : N=55, type=float
MM_ijk	3.1734	2.81824	2.81724	2.81819	2.81533	2.81809	2.81754	3.03685	2.81661	2.81703	2.81745	2.8176	2.81574	2.81432	2.81755	2.81693

MM_ikj	2.2033	2.20268	2.20275	2.20289	2.20249	2.20249	2.20279	2.20274	2.20252	2.20244	2.20276	2.20273	2.20251	2.35785	2.22217	2.22189

MM_B_ijk	1.92968	1.92731	1.92531	1.92601	2.44106	1.92738	1.92762	1.92582	1.92792	1.92751	1.92482	1.93376	2.24869	1.93303	1.9388	1.9439

Evaluation : N=55, type=float
MM_ijk	3.18087	2.81776	2.81809	3.13467	2.81572	2.81836	2.81772	2.81611	2.95269	2.71029	2.70726	2.70826	2.70877	2.70915	2.84414	2.60868

MM_ikj	2.05854	2.05766	2.05759	2.05747	2.05751	2.31197	2.13662	2.1366	2.29954	2.13684	2.13673	2.13664	2.318	2.05753	2.05753	2.05752

MM_B_ijk	1.78749	1.78316	1.78478	1.7828	1.99486	1.85245	1.85308	1.85415	1.85318	1.85345	1.85278	1.85441	1.85295	2.0454	1.78287	1.78309

