Evaluation : N=73, type=float
MM_ijk	3.15998	2.75078	2.74932	2.77738	2.64849	2.69275	2.6347	2.58169	2.74959	2.73014	2.93568	2.72702	2.66466	2.66016	2.64869	2.93238

MM_ikj	2.1726	2.04651	2.14596	2.13998	2.12432	2.21172	2.03187	2.0316	2.03159	2.19597	1.97282	1.9722	1.97225	1.97218	1.97243	1.97226

MM_B_ijk	1.83275	1.768	1.76723	1.76695	1.81633	1.75698	1.70532	1.70422	1.7042	1.70349	1.70404	1.70404	1.92146	1.70393	1.70326	1.70413

Evaluation : N=73, type=float
MM_ijk	3.23376	2.97916	2.97981	3.24463	3.09866	2.97889	2.97605	2.97588	2.97933	3.04781	3.27042	3.48147	4.07164	3.23825	3.10495	2.99677

MM_ikj	2.31925	2.38557	2.55173	2.32015	2.30094	2.30103	2.38966	2.28741	2.40436	2.51019	2.71792	3.37035	2.30345	2.30916	2.31179	2.31693

MM_B_ijk	2.08359	2.99361	1.99707	2.00011	1.99877	2.17378	1.9909	1.99176	1.99174	1.99118	1.98876	1.98964	2.00452	2.90399	2.24459	4.02178

Evaluation : N=73, type=float
MM_ijk	3.11216	2.85918	2.85898	2.92712	2.85716	2.85723	2.86023	2.85907	2.8588	2.85696	2.86054	2.93392	2.85722	2.86024	2.85964	2.85696

MM_ikj	2.1947	2.19425	2.19423	2.19414	2.24856	2.20888	2.20886	2.20886	2.20884	2.20886	2.20887	2.42899	2.20891	2.20892	2.38286	2.30525

MM_B_ijk	1.9112	2.20598	1.9091	1.90828	2.93679	3.16977	1.92897	2.18735	1.95278	2.35043	1.90861	2.14074	1.90765	2.1209	2.00796	2.10166

