Evaluation : N=57, type=float
MM_ijk	3.16787	3.01395	2.82056	2.81805	2.8195	2.81893	2.82001	2.81801	2.81973	2.81861	2.81969	2.81735	2.81953	2.81875	2.82117	2.8188

MM_ikj	2.22124	2.21995	2.22045	2.33654	2.22036	2.22016	2.21998	2.22018	2.22038	2.22022	2.21997	2.22008	2.22035	2.2203	2.22	2.22001

MM_B_ijk	1.91996	1.91759	2.37993	1.91725	1.91609	1.91616	1.91645	1.91768	1.91605	1.91654	2.21124	2.22178	1.91646	2.48451	1.91684	1.9171

Evaluation : N=57, type=float
MM_ijk	5.2041	4.40734	4.47866	4.5913	4.56233	4.11397	4.39654	3.4695	4.45422	3.6362	3.18499	4.60176	4.07542	3.64216	2.95827	3.39007

MM_ikj	3.22986	3.54149	3.78341	3.22399	3.6977	3.05746	4.02029	4.78783	2.45035	2.63698	2.537	2.44644	2.33929	2.46605	2.49723	2.40928

MM_B_ijk	4.49159	3.38494	3.62799	2.70901	1.99591	2.00997	2.46831	2.09413	1.99658	1.99841	2.28067	2.54955	2.00364	2.21095	2.18526	2.38611

Evaluation : N=57, type=float
MM_ijk	3.18243	2.82116	3.9357	3.99567	3.697	3.11426	2.97531	3.15693	2.93686	2.91156	2.82115	2.8195	2.85114	2.82003	2.82107	2.92781

MM_ikj	2.29599	2.25061	2.47338	2.22112	2.21997	2.22019	2.22038	3.64968	2.22247	2.22007	2.22032	2.22034	2.22004	2.21999	2.22025	2.22037

MM_B_ijk	1.92109	1.91789	1.91686	1.91705	1.91654	1.9168	1.91723	1.91576	1.91778	1.91652	1.91743	1.91666	1.91715	1.91631	2.07258	1.91711

