Evaluation : N=125, type=float
MM_ijk	3.87075	3.64773	3.5615	3.58916	3.58444	3.61955	3.74664	3.63721	3.62734	3.59786	3.58776	3.73899	3.61707	3.79955	3.58421	3.58756

MM_ikj	2.34195	2.35397	2.38856	2.35856	3.17263	2.56529	2.37458	2.36881	2.34164	2.3472	2.43028	2.3428	2.40346	2.3618	2.50403	2.41648

MM_B_ijk	1.91458	1.89664	1.95366	1.90478	1.89623	1.93144	1.89619	1.93992	2.02238	1.94707	2.01386	1.97943	1.91774	1.89631	1.89574	1.90733

Evaluation : N=125, type=float
MM_ijk	3.71059	3.70154	3.69002	3.56171	3.85164	3.63087	3.65793	3.68254	3.69604	3.57713	3.57778	3.68422	3.57748	3.57648	3.73286	3.64989

MM_ikj	2.34237	2.35342	2.34162	2.45253	2.53089	2.34283	2.44775	2.395	2.43607	2.34195	2.34681	2.34159	2.467	2.34614	2.3476	2.35374

MM_B_ijk	1.99549	1.94109	2.02618	2.02339	1.89583	1.90638	1.89591	1.98052	1.89614	1.94721	1.90197	1.90845	2.04225	1.93058	1.96987	1.89621

Evaluation : N=125, type=float
MM_ijk	3.72936	3.87337	3.82755	3.62435	3.59442	3.57312	3.61697	3.86988	3.87965	3.60677	3.80525	4.84868	4.71128	4.37653	3.98963	4.37266

MM_ikj	2.41427	2.80537	3.75874	2.39175	2.42337	2.41965	2.3657	2.34227	2.41265	2.34188	2.37959	2.39204	2.40322	2.47247	2.45083	2.9038

MM_B_ijk	2.1285	1.90327	2.20127	1.91067	2.36355	3.31206	3.10816	2.54149	2.05946	3.14609	3.32886	3.07713	3.49937	3.37175	2.66184	3.07138

