Evaluation : N=65, type=float
MM_ijk	3.11971	2.84067	2.84178	2.84141	2.84952	2.84055	2.84117	2.84084	2.84937	2.84039	2.94688	2.84175	2.83794	2.84388	2.84096	2.84249

MM_ikj	2.19798	2.1972	2.19729	2.19722	2.19721	2.19724	2.19723	2.27723	2.21374	2.21375	2.21375	2.21375	2.21375	2.21376	2.21372	2.21376

MM_B_ijk	1.91729	1.91499	1.91319	1.91251	1.9119	1.91173	1.91148	2.25104	2.28948	1.91146	1.91155	1.91165	1.91163	1.91154	1.9125	1.96138

Evaluation : N=65, type=float
MM_ijk	3.1094	2.84177	2.83817	2.97097	2.84201	2.83837	2.84437	2.84117	2.84196	2.83831	2.84476	3.13513	2.83987	2.8717	4.12441	4.02057

MM_ikj	2.5043	2.49993	2.5606	2.23871	2.21181	2.22162	2.23337	2.20184	2.33376	2.41332	2.64884	2.23908	2.38318	2.21376	2.21374	2.21374

MM_B_ijk	1.91772	1.91485	1.91254	1.91168	1.91248	1.91189	1.91151	1.91189	1.91157	2.13873	2.03518	1.9119	1.91192	1.91179	1.91173	1.91175

Evaluation : N=65, type=float
MM_ijk	2.99315	2.73184	2.90072	2.7344	2.73055	2.73156	2.73136	2.73445	2.73058	2.732	2.73119	2.73493	2.73142	2.73073	2.81013	2.7317

MM_ikj	2.12909	2.12856	2.12878	2.1287	2.12848	2.12853	2.12869	2.12873	2.12852	2.12848	2.12866	2.12874	2.12858	2.27858	2.27708	2.12873

MM_B_ijk	1.84339	1.84163	1.83942	1.83932	1.83876	2.1723	1.83858	1.83843	1.86794	1.83879	1.83931	1.83965	2.21559	1.8394	1.92914	1.83831

