Evaluation : N=49, type=float
MM_ijk	3.11192	2.73839	2.8376	2.98947	2.83689	3.83349	2.7053	2.68314	2.68503	2.68332	2.69865	2.68806	2.68531	2.68295	2.68411	2.68391

MM_ikj	2.14644	2.14348	2.1431	2.14306	2.14306	2.14304	2.14313	2.14311	2.14321	2.14321	2.14329	2.14329	2.14332	2.43758	2.06389	2.0641

MM_B_ijk	1.79673	1.79334	1.79336	1.78974	1.78783	1.78767	2.09967	1.78556	1.78748	1.78576	2.15591	1.85542	1.85587	1.85612	1.85672	1.85634

Evaluation : N=49, type=float
MM_ijk	3.10088	2.68614	2.68639	2.68613	2.68654	2.68749	2.68479	2.68666	2.68636	2.68659	2.68726	2.68681	2.68595	2.9815	2.72828	2.68517

MM_ikj	2.12422	2.34859	2.75679	3.34142	3.44099	3.22094	3.35207	2.14593	2.15459	2.17556	2.18947	2.47836	2.59842	2.15562	2.15597	2.24355

MM_B_ijk	1.89352	1.89989	1.88396	1.85786	1.85591	1.85498	1.85492	1.88666	1.86619	1.86926	1.85667	1.85469	1.85812	1.87113	1.87335	2.74856

Evaluation : N=49, type=float
MM_ijk	3.22959	2.79218	2.79115	2.79194	2.99003	2.79238	2.79117	2.7924	2.78999	2.79203	2.79151	2.79246	2.79055	2.79214	2.79044	2.79231

MM_ikj	2.23088	2.22953	2.22886	2.2289	2.22891	2.22891	2.22892	2.22888	2.44278	2.20712	2.20702	2.20703	2.20709	2.20702	2.20709	2.20709

MM_B_ijk	1.94291	1.93669	1.93261	1.93272	1.93054	1.93228	1.93032	1.93037	1.92994	1.93006	1.92875	1.93014	1.92906	1.93013	1.92875	1.93037

