Evaluation : N=72, type=float
MM_ijk	2.97232	2.84037	2.70346	2.95994	2.90719	2.70312	2.70389	2.7027	2.70398	2.8451	2.70352	2.70395	2.7039	2.70336	2.703	2.70394

MM_ikj	0.433859	0.432458	0.432404	0.43253	0.432351	0.432568	0.432669	0.432691	0.432447	0.43241	0.432434	0.433157	0.433109	0.433329	0.433497	0.433318

MM_B_ijk	1.91136	1.83139	1.8302	1.83114	1.82969	1.83208	1.83157	1.8307	1.83133	1.83174	1.83093	1.83105	1.83131	2.04808	1.8672	1.83146

Evaluation : N=72, type=float
MM_ijk	3.36407	2.92352	2.83997	3.31313	2.84107	3.16751	2.91773	2.81181	2.81115	2.8123	2.81217	3.21246	2.81171	2.81135	2.81182	2.81161

MM_ikj	0.451847	0.449996	0.449942	0.449878	0.449969	0.449548	0.449784	0.449655	0.44984	0.44968	0.449993	0.450612	0.450416	0.450282	0.450371	0.450424

MM_B_ijk	1.90852	1.99615	1.90355	1.90343	1.90671	1.9047	1.90623	1.90598	1.90472	1.90409	1.90504	1.90536	1.90453	1.9051	2.0213	2.04382

Evaluation : N=72, type=float
MM_ijk	2.98652	2.82879	2.70285	2.70351	2.70361	2.77966	2.60295	2.60265	2.65961	2.51091	2.64054	2.68561	2.42331	2.42399	2.51444	2.34234

MM_ikj	0.392707	0.374796	0.374732	0.37511	0.374802	0.374812	0.374898	0.552314	0.39817	0.405886	0.39148	0.389387	0.39048	0.390713	0.392723	0.396613

MM_B_ijk	1.69364	1.69354	2.0324	1.72459	1.81456	1.72135	1.70169	1.77564	1.70667	1.73681	1.77633	1.87905	1.71137	1.70073	1.69939	1.69971

