Evaluation : N=11, type=float
MM_ijk	2.47483	2.21938	2.12246	2.11946	2.12096	2.11946	2.10894	2.13298	2.142	2.12547	2.12697	2.14801	2.12847	2.12697	2.12246	2.12547

MM_ikj	2.23591	2.01953	2.09091	2.01352	2.01202	2.01728	2.02855	2.01277	2.01277	2.00977	2.04057	2.02254	2.01803	2.03606	2.01803	2.01503

MM_B_ijk	2.45154	2.12096	2.12998	2.10894	2.12998	2.12998	2.10894	2.11946	2.12096	2.12547	2.11645	2.12998	2.12998	2.11796	2.12697	2.11946

Evaluation : N=11, type=float
MM_ijk	2.43952	2.10894	2.11946	2.12096	2.11946	2.12697	2.12096	2.12923	2.12847	2.13298	2.12246	2.11946	2.12547	2.12096	2.10744	2.11645

MM_ikj	2.30729	2.13599	2.0864	2.02855	2.01878	2.01427	2.00977	2.00826	2.00826	2.01503	2.00751	2.00977	2.00751	2.01052	2.01052	2.01427

MM_B_ijk	2.33809	2.14801	2.11796	2.11946	2.12847	2.12772	2.13449	2.12096	2.11946	2.12847	2.11044	2.11495	2.11495	2.11946	2.11495	2.11946

