Evaluation : N=12, type=float
MM_ijk	2.04572	1.89757	1.87731	1.86343	1.84144	1.85243	1.84259	1.83681	1.84028	1.83912	1.84028	1.84375	1.84144	1.84606	1.84722	1.85069

MM_ikj	1.06539	0.78588	0.730903	0.715856	0.70544	0.698495	0.698495	0.702546	0.699653	0.699653	0.702546	0.701968	0.700231	0.699653	0.704282	0.70081

MM_B_ijk	2.33565	2.27604	2.22569	2.21065	2.21296	2.21412	2.21644	2.21759	2.22049	2.22106	2.22106	2.21991	2.21875	2.21644	2.21412	2.21181

Evaluation : N=12, type=float
MM_ijk	2.19907	2.06076	2.01794	2.00347	1.99942	1.99653	1.99942	1.99363	1.99306	1.98843	1.99826	1.99479	2	1.99363	2.00521	1.99884

MM_ikj	0.886574	0.752894	0.673611	0.664352	0.662037	0.65625	0.657407	0.657407	0.66088	0.662037	0.666667	0.662037	0.664352	0.657407	0.656829	0.66088

MM_B_ijk	2.31481	2.27604	2.22685	2.21644	2.21875	2.21875	2.22222	2.21991	2.22106	2.21875	2.21644	2.21586	2.21296	2.21123	2.21065	2.21181

Evaluation : N=12, type=float
MM_ijk	2.06597	1.88947	1.85706	1.85532	1.84954	1.84606	1.84722	1.84838	1.95312	1.84375	1.83796	1.84086	1.84259	1.83912	1.9537	1.84259

MM_ikj	1.00347	0.806713	0.684028	0.698495	0.696181	0.662037	0.658565	0.657407	0.655093	0.663194	0.66088	0.664931	0.657407	0.658565	0.658565	0.664352

MM_B_ijk	2.42824	2.42188	2.2581	2.22859	2.21759	2.21412	2.20949	2.21181	2.21412	2.21412	2.21644	2.21875	2.22222	2.22222	2.22222	2.21875

Evaluation : N=12, type=float
MM_ijk	2.17882	2.05729	2.0191	1.99769	2.00174	1.99306	1.99306	1.98785	1.99363	1.99884	1.99942	2.00116	1.99653	2.00405	1.99942	1.99942

MM_ikj	0.918981	0.769676	0.700231	0.70081	0.704861	0.70081	0.699074	0.70081	0.699653	0.706597	0.70081	0.698495	0.697917	0.697338	0.697917	0.695023

MM_B_ijk	2.40914	2.3015	2.25231	2.22106	2.21991	2.21991	2.21875	2.21644	2.21644	2.21065	2.21412	2.21238	2.21296	2.2147	2.21644	2.21528

