Evaluation : N=175, type=float
MM_ijk	3.70006	3.39041	3.38209	3.1716	3.2658	3.07941	3.0966	3.23478	3.13215	3.11421	3.10804	3.10227	3.13401	3.06533	3.08114	3.14375

MM_ikj	1.85502	1.85511	1.88434	1.92314	1.85549	1.86168	1.94914	1.91122	1.88084	1.8538	1.8861	1.8651	1.92074	1.85414	1.85331	1.86888

MM_B_ijk	1.59155	1.56621	1.53759	1.5388	1.55972	1.55099	1.60589	1.53604	1.56619	1.55528	1.53806	1.59359	1.56424	1.53904	1.53773	1.55355

Evaluation : N=175, type=float
MM_ijk	3.65055	3.48463	3.23778	3.24129	3.13218	3.09655	3.14173	3.12176	3.07616	3.12407	3.07633	3.12003	3.12387	3.09519	3.1295	3.07871

MM_ikj	1.86827	1.87067	1.93111	1.85648	1.85163	1.88385	1.91132	1.88262	1.85275	1.88292	1.85507	1.92714	1.85904	1.85197	1.88437	1.93109

MM_B_ijk	1.57469	1.53411	1.53708	1.5727	1.54916	1.61557	1.53973	1.53649	1.55177	1.55725	1.58905	1.56907	1.53702	1.54374	1.5613	1.57974

Evaluation : N=175, type=float
MM_ijk	3.80553	3.74748	3.67832	4.12363	3.70439	3.86036	3.82172	3.81968	3.72976	3.75725	3.69388	3.78084	3.79845	3.47838	3.29636	3.07432

MM_ikj	1.9612	1.98629	1.94165	1.85689	1.85334	1.89223	2.06422	1.85731	1.85314	1.89571	1.90227	1.88555	1.85527	1.87037	1.87109	1.92761

MM_B_ijk	1.53903	1.55585	1.91761	2.02148	2.09675	2.46092	1.7322	1.7708	2.34225	1.96328	1.82109	1.78523	2.40111	1.88871	1.67713	1.7178

