Evaluation : N=71, type=float
MM_ijk	3.12591	2.85863	3.0441	2.85721	2.85708	2.85919	2.86	2.85668	2.85717	2.8585	2.85962	2.95202	2.85914	2.88359	2.93898	2.74869

MM_ikj	2.11071	2.11028	2.11044	2.11051	2.11044	3.50962	2.24187	2.12532	2.38134	2.12507	2.12566	2.37935	3.16802	2.76549	2.17083	2.60837

MM_B_ijk	1.87909	1.85301	1.84002	2.09861	1.84173	1.97106	2.01845	2.28499	1.838	1.83706	1.83703	1.83734	2.48352	1.83793	1.83824	1.83778

Evaluation : N=71, type=float
MM_ijk	3.10712	2.87587	2.74886	2.82944	2.64548	2.80461	2.70841	2.55155	2.55454	2.60841	2.46446	2.46441	2.52736	2.38501	2.51406	2.38816

MM_ikj	2.09917	1.84178	1.84236	1.84153	1.8418	1.84158	1.85832	1.89609	2.15449	2.04834	2.04759	2.37382	2.00105	1.9796	2.00467	1.97893

MM_B_ijk	1.76549	1.89202	1.81158	1.74443	1.94494	1.70748	1.70754	1.70779	1.82374	1.70742	1.70697	1.70642	1.70587	1.70658	1.70702	1.70727

Evaluation : N=71, type=float
MM_ijk	3.10522	3.05504	2.86099	3.27769	4.20286	2.89533	3.17984	2.9327	2.87925	2.87118	2.93367	3.04096	3.01525	2.85988	2.86205	2.86119

MM_ikj	2.21208	2.21032	2.21022	2.21022	2.21023	2.2103	2.32833	2.21027	2.21024	2.21033	2.21024	2.21026	2.21019	2.2102	2.21023	2.21029

MM_B_ijk	1.91332	1.91114	2.12609	1.97567	1.91206	1.91228	1.91106	1.91226	1.9122	1.91202	1.93517	1.9141	1.91412	1.91377	1.91316	1.98504

