Evaluation : N=263, type=float
MM_ijk	3.80371	3.32821	3.29478	3.2808	3.28822	3.28997	3.27409	3.29273	3.27261	3.2756	3.28556	3.27924	3.27133	3.28906	3.2686	3.27516

MM_ikj	1.84676	1.84807	1.8435	1.83436	1.84203	1.85015	1.84319	1.83948	1.85936	1.85282	1.84046	1.83408	1.84847	1.84985	1.83059	2.10071

MM_B_ijk	1.81382	1.56188	1.53206	1.5565	1.54643	1.53632	1.5939	1.53427	1.54703	1.55307	1.5318	1.55058	1.54801	1.53915	1.55479	1.5297

Evaluation : N=263, type=float
MM_ijk	4.1382	4.08246	4.07695	3.87234	3.29517	3.27467	3.27152	3.28178	3.27853	3.27698	3.27266	3.28383	3.27216	3.2852	3.28856	3.27252

MM_ikj	1.84513	1.84488	1.83683	1.83951	1.87494	1.86638	1.84269	1.8688	1.87442	1.86322	1.84624	1.86785	1.88086	1.86936	1.84632	1.87146

MM_B_ijk	1.60241	1.53756	1.58983	1.59445	1.537	1.62988	1.59056	1.54416	2.32738	1.85542	1.54325	1.57935	1.5389	1.53622	1.55213	1.54715

