Evaluation : N=174, type=float
MM_ijk	3.91359	3.50815	3.47676	3.23896	3.27055	3.16817	3.10873	3.26922	3.12259	3.1256	3.18223	3.13366	3.11012	3.15935	3.33476	3.43731

MM_ikj	1.85465	2.51344	2.14378	2.54091	2.44057	1.83377	1.50184	1.52817	1.81077	2.24934	1.52332	1.4891	1.52242	1.5029	1.4445	1.44037

MM_B_ijk	1.55383	1.52557	1.57636	1.56051	1.53079	1.52736	1.5551	1.54252	1.59361	1.53639	1.52782	1.54161	1.54324	1.5819	1.55981	1.53088

Evaluation : N=174, type=float
MM_ijk	3.80977	3.86481	3.79415	3.82764	3.70019	3.7977	3.77846	3.72859	3.73469	3.71668	3.79195	3.71491	3.77578	3.6829	3.26807	3.16341

MM_ikj	1.44733	1.45756	1.55325	1.49921	1.47048	1.45152	1.46418	1.47257	1.44871	1.50587	1.46443	1.4472	1.45645	1.43887	1.44722	1.50741

MM_B_ijk	1.53162	1.52771	1.5357	1.58886	1.58613	1.56008	1.52766	1.52594	1.60124	1.5385	1.6056	1.53234	1.53831	1.55386	1.55035	1.58268

Evaluation : N=174, type=float
MM_ijk	3.95745	3.95411	3.89844	4.38658	4.04767	4.23326	3.92023	4.03915	3.91542	4.07969	3.95524	3.92965	3.3469	3.20868	3.23137	3.10167

MM_ikj	1.46183	1.6729	1.53328	1.45739	1.45809	1.47606	1.44968	1.55193	1.52179	1.45039	1.44226	1.4529	1.47038	1.58937	1.46971	1.45744

MM_B_ijk	1.53003	1.54147	1.56629	1.73146	1.55004	1.56219	1.54431	1.53259	1.73525	1.58654	1.52624	1.52985	1.55994	1.70137	1.61614	1.5349

