Evaluation : N=122, type=float
MM_ijk	3.7487	4.05727	4.02807	4.06847	3.87032	3.95144	3.55332	3.54151	3.56983	3.81262	3.54964	3.4988	3.48137	3.49956	3.7939	3.67912

MM_ikj	1.68916	1.62848	1.9403	1.59356	1.59309	1.81338	1.78059	2.07226	1.96127	1.61487	1.84736	1.53281	1.53539	1.6507	1.47251	1.48547

MM_B_ijk	1.70713	2.02978	1.64101	1.85912	2.5408	1.66462	1.66169	1.63817	1.6257	1.59613	1.61259	1.53242	1.63204	1.90704	1.6248	1.64066

Evaluation : N=122, type=float
MM_ijk	3.76223	3.6324	3.70408	3.74417	3.93845	3.73185	3.73238	3.74522	3.68336	3.7087	3.75211	3.72091	3.63947	3.63037	3.62062	3.70225

MM_ikj	1.65401	1.6676	1.67171	1.7681	1.70778	2.27354	2.56552	2.06898	1.65127	1.6708	1.65064	1.65058	1.69456	1.65057	1.65355	1.66311

MM_B_ijk	2.04472	1.95808	2.00783	1.94475	1.92439	1.90028	1.97024	1.90009	1.90018	1.9776	2.00715	2.14525	1.91068	2.0454	1.95013	1.98663

Evaluation : N=122, type=float
MM_ijk	4.92701	4.40257	4.75195	5.11624	4.5378	3.92344	4.41151	4.71408	5.07691	4.508	4.17226	4.7985	4.648	4.78379	4.77157	4.13925

MM_ikj	2.93262	2.02871	2.43695	1.76569	1.70331	2.43541	2.48391	2.77161	2.76902	3.64684	1.93812	2.04201	2.65245	2.01902	2.38965	1.97421

MM_B_ijk	2.75508	3.00922	3.72588	2.77939	3.35878	3.77805	3.66263	3.50701	4.19087	3.54929	2.26706	1.97462	2.70758	2.51291	2.79942	2.87587

