Evaluation : N=350, type=float
MM_ijk	4.24394	3.84573	3.37852	3.37632	3.39461	3.37587	3.38069	3.3775	3.38115	3.39841	3.39647	3.3744	3.3778	3.38129	3.38131	3.37644

MM_ikj	1.39808	1.40503	1.39647	1.39783	1.40255	1.40072	1.3984	1.4064	1.39758	1.39742	1.40354	1.40246	1.39492	1.42097	1.4001	1.40376

MM_B_ijk	1.5492	1.5438	1.55221	1.55023	1.55128	1.54514	1.5529	1.54351	1.54794	1.55513	1.54393	1.5542	1.54485	1.5499	1.54602	1.73075

Evaluation : N=350, type=float
MM_ijk	4.86447	4.28631	3.82873	4.21909	3.85855	3.50996	3.45588	3.59225	3.63596	3.69438	3.57747	3.81573	4.01	4.19769	4.50639	4.39791

MM_ikj	1.922	1.9037	1.86846	1.84328	1.86493	1.85418	1.7978	1.69805	1.58682	1.55709	1.53524	1.51589	1.5698	1.48195	1.54988	1.59713

MM_B_ijk	2.14806	2.04081	1.84346	1.90216	1.78744	1.88393	1.78976	1.78485	1.76169	1.86582	1.82025	1.63192	1.61593	1.57066	1.591	1.56682

