Evaluation : N=124, type=float
MM_ijk	3.69192	3.32886	3.30988	3.279	3.29469	3.33464	3.30363	3.4695	3.38798	3.29088	3.27914	3.30636	3.33419	3.29131	3.45255	3.36214

MM_ikj	0.436759	0.434855	0.435812	0.436015	0.435993	0.43596	0.435924	0.435961	0.447804	0.436018	0.435943	0.435988	0.436046	0.435933	0.436	0.435975

MM_B_ijk	1.9607	1.8855	1.8853	1.97697	2.26541	2.03228	1.93247	1.95162	1.88556	1.88569	1.93257	1.88592	1.89999	1.88552	1.93056	1.8981

Evaluation : N=124, type=float
MM_ijk	3.78697	3.4682	3.35088	3.31333	3.32859	3.30365	3.37399	3.74474	3.70621	3.29209	3.30759	3.29988	3.29215	3.46229	3.63961	3.4845

MM_ikj	0.44325	0.440992	0.441858	0.442039	0.441985	0.441993	0.4419	0.442022	0.454559	0.442457	0.442279	0.442218	0.442324	0.442289	0.442189	0.442291

MM_B_ijk	1.90853	1.8969	1.91132	2.66833	2.13445	2.31987	1.91629	1.99776	1.89694	1.91322	1.89673	1.89658	1.98028	1.90161	1.94839	1.8971

Evaluation : N=124, type=float
MM_ijk	3.62464	3.32201	3.07142	3.33833	3.29956	3.31594	3.43696	3.41688	3.17227	3.14682	3.04721	3.0353	3.00366	2.94867	3.07543	2.98078

MM_ikj	0.389066	0.388302	0.388932	0.389295	0.389332	0.401492	0.375851	0.375768	0.375875	0.388024	0.376369	0.376137	0.376088	0.376084	0.376105	0.376047

MM_B_ijk	1.88627	1.973	1.66945	1.62749	1.60944	1.71701	1.97775	1.64437	1.64149	1.59468	1.57104	1.57141	1.58461	1.52119	1.52093	1.57515

