Evaluation : N=21, type=float
MM_ijk	4.83976	2.207	2.20063	2.19188	2.20613	2.20279	2.19998	2.1935	2.20635	2.19922	2.20181	2.19285	2.2057	2.20117	2.20063	2.19415

MM_ikj	1.73955	1.70122	1.69971	1.70673	1.70079	1.6969	1.69669	1.69971	1.70295	1.69971	1.69669	1.69798	1.70057	1.70273	1.69949	1.69669

MM_B_ijk	1.9527	1.90109	1.89396	1.88209	1.88403	1.88867	1.8904	1.88511	1.88889	1.88511	1.89839	1.88317	1.88187	1.8891	1.88587	1.8904

Evaluation : N=21, type=float
MM_ijk	5.00767	2.29543	2.28453	2.28755	2.29133	2.29349	2.28215	2.29111	2.29133	2.29219	2.2828	2.29047	2.28712	2.29241	2.28474	2.29457

MM_ikj	1.80175	1.77249	1.76601	1.76255	1.76406	1.76795	1.76774	2.06036	2.36519	1.76622	1.76774	1.76428	1.76169	1.76817	1.76666	1.77022

MM_B_ijk	2.01458	1.99082	1.97387	1.96955	1.96253	1.96145	1.96771	1.95551	1.95843	1.95994	1.96404	1.97031	1.95638	1.95594	1.97031	1.96707

Evaluation : N=21, type=float
MM_ijk	4.99644	2.29284	2.28453	2.28982	2.29349	2.28939	2.28388	2.28755	2.29187	2.28258	2.28409	2.29241	2.29003	2.28301	2.28863	2.29241

MM_ikj	1.81427	1.77141	1.77205	1.76741	1.76579	1.7686	1.77184	1.76936	1.76568	1.76655	1.76925	1.77098	1.76774	1.76536	1.7673	1.77098

MM_B_ijk	2.03499	1.9784	1.96577	1.97063	1.96361	1.95033	1.95508	1.95605	1.9581	1.95227	1.95422	1.95918	1.96534	1.95551	1.96836	1.95778

