Evaluation : N=300, type=float
MM_ijk	4.1501	4.11201	4.00201	3.27306	3.28533	3.54542	3.45572	3.31804	3.27944	3.26739	3.27182	3.26306	3.2647	3.29961	3.28057	3.33579

MM_ikj	0.491543	0.405202	0.410681	0.41233	0.423435	0.416088	0.403952	0.407758	0.421417	0.408686	0.409727	0.409772	0.420631	0.410571	0.409032	0.41228

MM_B_ijk	1.55782	1.56944	1.56181	1.56123	1.56108	1.55874	1.57459	1.56167	1.5625	1.57166	1.56072	1.55551	1.55215	1.56028	1.55864	1.56062

Evaluation : N=300, type=float
MM_ijk	3.95905	3.71317	3.28482	3.28184	3.28254	3.28076	3.28504	3.281	3.3979	3.27785	3.28025	3.28346	3.28071	3.27937	3.29422	3.26738

MM_ikj	0.409989	0.41377	0.411636	0.420838	0.410195	0.411269	0.414222	0.407805	0.410697	0.414026	0.409695	0.399232	0.40619	0.414678	0.409061	0.40459

MM_B_ijk	1.55777	1.55894	1.56902	1.56145	1.55848	1.55869	1.55446	1.55488	1.55139	1.55918	1.55843	1.55208	1.56045	1.55597	1.55812	1.56577

