Evaluation : N=64, type=float
MM_ijk	3.26047	3.12158	2.97302	2.96679	2.98225	2.98243	3.09701	2.86463	2.87164	2.84833	2.86361	2.89696	2.86419	3.25319	2.85095	2.85027

MM_ikj	0.459328	0.464596	0.458664	0.458294	0.458115	0.462166	0.457909	0.462914	0.455456	0.465569	0.45895	0.455208	0.456207	0.458618	0.461002	0.465569

MM_B_ijk	1.86904	1.89059	1.87652	1.86653	1.867	1.86534	1.86388	1.86293	1.86876	2.0853	1.86788	1.86804	1.89831	1.87341	1.86328	1.88114

Evaluation : N=64, type=float
MM_ijk	4.45293	3.11593	3.57235	2.84692	2.84639	2.84655	3.90274	2.84586	4.49865	2.84758	2.84575	2.84739	2.84591	2.84788	2.8453	2.87354

MM_ikj	0.458164	0.45554	0.455299	0.455372	0.455715	0.455101	0.455563	0.455441	0.455326	0.455467	0.455006	0.455685	0.455338	0.455322	0.455578	0.455246

MM_B_ijk	2.18837	1.98836	1.85365	5.52505	1.87019	1.89801	1.92372	1.94005	3.56363	1.87233	2.2456	3.14397	2.10401	3.8084	3.31275	4.36913

Evaluation : N=64, type=float
MM_ijk	3.17833	2.983	2.90707	3.23587	2.90145	2.85892	2.85702	3.20662	2.85017	3.05169	3.20395	2.86237	2.8454	2.84787	2.84519	2.84784

MM_ikj	0.462406	0.45607	0.455399	0.455677	0.455467	0.455288	0.455898	0.45546	0.455986	0.456223	0.455769	0.45536	0.455742	0.455521	0.455898	0.456135

MM_B_ijk	2.01808	1.85434	1.85392	1.85469	1.85457	1.8547	1.85398	1.85414	1.854	1.85371	1.85453	1.85417	1.85483	1.85415	1.85388	1.85416

