Evaluation : N=30, type=float
MM_ijk	3.66489	2.49496	2.49396	2.483	2.49019	2.49407	2.51256	2.49233	2.47852	2.49026	2.49467	2.47793	4.02233	2.49556	2.49563	2.49393

MM_ikj	1.68244	1.66989	1.67026	1.6667	1.66981	1.66748	1.66874	1.66859	1.66763	1.66967	1.66674	1.67033	1.66644	1.67019	1.66681	1.66967

MM_B_ijk	1.92167	1.90278	1.90159	1.90359	1.90104	1.90463	1.89633	1.89793	1.89993	1.89744	1.901	1.89963	1.90126	1.90204	1.89896	1.90652

Evaluation : N=30, type=float
MM_ijk	3.78752	2.59459	2.58311	2.5863	2.59278	2.57822	2.57507	2.57478	2.59504	2.57456	2.59293	2.58563	2.59452	2.58793	2.59085	2.59152

MM_ikj	1.74681	1.74193	1.73663	1.73804	1.73859	1.7337	2.75356	1.73604	1.73367	1.73711	1.73326	1.73678	1.73393	1.73552	1.73559	1.73393

MM_B_ijk	1.99815	1.98178	1.97437	1.98137	1.97578	1.97693	1.97807	1.97722	1.9727	1.97841	1.97644	1.97463	1.98104	1.97563	1.98063	1.9787

Evaluation : N=30, type=float
MM_ijk	3.78081	2.6217	2.62152	2.62204	2.62248	2.62215	2.62052	2.62241	2.62411	2.61933	2.62211	2.62044	3.99596	2.72015	2.72241	2.72044

MM_ikj	1.67804	1.67159	1.66811	1.66907	1.66841	1.66785	1.66959	1.66693	1.67019	1.66652	1.67026	1.66667	1.66981	1.66733	1.66893	1.66856

MM_B_ijk	1.92204	1.90937	1.90911	1.90022	1.90156	1.90226	1.89867	1.90185	1.90374	1.89759	1.90285	1.90285	1.90052	1.90344	1.90133	1.90167

