Evaluation : N=220, type=float
MM_ijk	3.75659	3.65126	3.64562	3.73189	3.64853	3.67352	3.63414	3.19414	3.08706	3.05971	3.04353	3.05401	3.10096	3.0592	3.04846	3.05426

MM_ikj	0.345553	0.352754	0.345567	0.345025	0.368363	0.348661	0.352295	0.345391	0.344775	0.34567	0.344789	0.345738	0.34528	0.34476	0.354931	0.345319

MM_B_ijk	1.55837	1.54194	1.55316	1.53783	1.55158	1.56759	1.53373	1.542	1.5576	1.52981	1.5398	1.55685	1.53119	1.55994	1.53602	1.53023

Evaluation : N=220, type=float
MM_ijk	4.4249	4.34566	4.40542	4.363	4.28258	3.44129	3.08872	3.06691	3.10905	3.0613	3.05891	3.11056	3.13133	3.07087	3.046	3.06394

MM_ikj	0.344573	0.344708	0.3436	0.345284	0.351687	0.34407	0.360038	0.366087	0.36015	0.344933	0.343818	0.34583	0.343845	0.344631	0.343889	0.343786

MM_B_ijk	1.57169	1.54099	1.54752	1.66405	1.53204	1.55346	1.5621	1.53293	1.57239	1.54413	1.54706	1.56252	1.53632	1.549	1.56821	1.53188

Evaluation : N=220, type=float
MM_ijk	3.88705	3.83933	3.81725	3.85593	3.83058	3.82876	3.78631	3.18044	3.08515	3.09053	3.09545	3.05322	3.08174	3.09339	3.05469	3.07666

MM_ikj	0.353205	0.346179	0.350204	0.429629	0.347923	0.356464	0.344503	0.3438	0.344901	0.34379	0.353473	0.343995	0.352315	0.345775	0.352032	0.423515

MM_B_ijk	1.55033	1.54062	1.64747	1.54268	1.55875	1.63547	1.54045	1.63264	1.54884	1.53807	1.63621	1.55116	1.55322	1.64439	1.53878	1.62594

