Evaluation : N=325, type=float
MM_ijk	3.79525	3.70218	3.51929	3.33973	3.33121	3.33702	3.3363	3.34418	3.33925	3.33637	3.34104	3.3309	3.35985	3.33545	3.33483	3.32821

MM_ikj	1.83895	1.83412	1.83212	1.83374	1.83106	1.84061	1.82539	1.83205	1.83806	1.84306	1.83864	1.82652	1.82998	1.83735	1.82641	1.84392

MM_B_ijk	1.5422	1.54106	1.54158	1.54172	1.55084	1.54646	1.54713	1.54063	1.5425	1.54039	1.54735	1.55009	1.54123	1.54094	1.54519	1.54033

Evaluation : N=325, type=float
MM_ijk	4.06729	4.00264	3.60268	3.35616	3.34264	3.35332	3.34354	3.34925	3.3443	3.34987	3.35413	3.34407	3.34374	3.33061	3.34104	3.33404

MM_ikj	1.83904	1.89674	2.97543	3.7701	3.52222	3.00889	2.34868	2.11442	2.59191	2.35486	2.35293	2.0309	1.92771	1.92002	1.88979	1.93128

MM_B_ijk	1.61003	1.61294	1.59623	1.61508	1.63198	1.85083	2.12657	1.7747	1.79274	1.70027	1.65535	1.63249	1.67028	2.52206	3.5627	3.14835

