Evaluation : N=275, type=float
MM_ijk	3.8411	3.37608	3.32082	3.34123	3.33181	3.34034	3.31347	3.34114	3.31399	3.32878	3.29912	3.32076	3.30008	3.32461	3.33314	3.30634

MM_ikj	1.84694	1.84624	1.8388	1.83693	1.84261	1.84348	1.84854	1.8469	1.84406	2.07451	2.07363	1.84078	1.85154	1.84039	1.84664	1.84734

MM_B_ijk	1.54518	1.54502	1.55189	1.55361	1.53488	1.54609	1.55486	1.53645	1.54838	1.55388	1.54961	1.53765	1.54571	1.55265	1.53621	1.55298

Evaluation : N=275, type=float
MM_ijk	4.15908	4.05577	3.36555	3.30606	3.32835	3.30548	3.31937	3.29856	3.32574	3.29507	3.31871	3.29577	3.31856	3.29605	3.36359	3.33063

MM_ikj	1.84613	1.84272	1.84691	1.84905	1.84362	1.83622	1.84736	1.84749	1.84507	1.94159	1.87982	1.87082	1.83862	2.50138	1.91837	1.99285

MM_B_ijk	1.70807	1.59495	1.55366	1.53475	1.5483	1.5565	1.54459	1.5383	1.54979	1.55245	1.534	1.54497	1.55398	1.54503	1.54012	1.54954

