Evaluation : N=195, type=float
MM_ijk	3.67488	3.52213	3.46573	3.50377	3.50243	3.54048	3.52429	3.48	3.499	3.45648	3.50047	3.48239	3.46608	3.22255	3.12557	3.23305

MM_ikj	1.84749	1.86602	1.88935	1.86351	1.86352	1.88391	1.86713	1.84634	1.85819	1.90305	1.85126	1.85906	1.90396	1.84906	1.85624	1.88786

MM_B_ijk	1.55092	1.52731	1.53755	1.57074	1.54411	1.52743	1.5377	1.57962	1.54148	1.5423	1.52623	1.57577	1.5414	1.53302	1.54286	1.58288

Evaluation : N=195, type=float
MM_ijk	3.96601	3.93726	3.93038	3.87594	4.02054	3.91089	3.8829	3.92301	3.90858	3.73619	3.32615	3.15392	3.1557	3.12436	3.16361	3.12807

MM_ikj	1.8957	1.86315	1.84527	1.88318	1.88899	1.84311	1.89524	1.97919	1.84346	1.86212	1.97712	1.84905	1.8576	1.95844	1.85099	1.84302

MM_B_ijk	1.65304	1.58411	1.52503	1.55258	1.66437	1.55005	1.52371	1.53606	1.67171	1.53994	1.53018	1.53758	1.6698	1.55832	1.52593	1.54297

Evaluation : N=195, type=float
MM_ijk	3.93884	3.76592	3.81095	3.72364	3.84961	3.81551	3.7417	3.78839	3.7815	3.74428	3.80846	3.25208	3.17855	3.12874	3.19088	3.12132

MM_ikj	1.95155	1.84677	1.87448	1.95283	1.87947	1.86429	2.02598	1.8689	1.85169	1.97808	1.86157	1.86576	1.89477	1.91999	1.84615	1.872

MM_B_ijk	1.69571	1.65119	1.65192	1.69306	1.6314	1.52812	1.53977	1.67252	1.56334	1.52823	1.55073	1.67346	1.58676	1.54418	1.55312	1.66264

