Evaluation : N=45, type=float
MM_ijk	3.04724	2.66275	2.66525	2.66281	2.66488	2.66191	2.66644	2.66355	2.6654	3.04692	3.05569	2.56354	2.56601	2.56492	2.56718	2.56393

MM_ikj	2.05825	2.05674	2.05584	2.05557	2.05577	2.05601	2.05623	2.05597	2.05575	2.05559	2.05595	2.05612	2.05608	2.05581	2.36616	2.43996

MM_B_ijk	1.81703	1.81112	1.80891	1.81231	1.81081	1.80982	1.80764	1.81487	1.81063	1.80978	1.80789	1.81309	1.81084	2.66951	3.07698	3.11265

Evaluation : N=45, type=float
MM_ijk	3.18976	2.77213	2.7684	2.77265	2.76965	2.77181	2.76799	2.7726	2.76987	2.77219	2.76875	2.77159	2.77082	2.7721	2.76878	2.81251

MM_ikj	2.25226	2.7358	2.25737	2.2561	2.25564	2.28833	2.27145	2.2652	2.29647	2.32998	2.33604	2.32469	2.62099	2.76295	2.39022	2.25148

MM_B_ijk	1.97871	2.00275	2.0235	1.98623	2.21959	2.02323	1.98374	1.95802	1.95389	1.9528	1.95368	1.98818	2.01374	1.96936	1.96037	1.95383

Evaluation : N=45, type=float
MM_ijk	3.18599	2.77135	2.77356	2.76868	2.77272	2.77176	2.77274	2.76804	2.77263	2.77159	2.77409	2.76847	2.77281	2.77228	2.7742	2.7687

MM_ikj	2.22363	2.22044	2.22092	2.22076	2.22002	2.221	2.22046	2.22022	2.22098	2.22029	2.22036	2.22105	2.22007	2.22067	2.22078	2.22008

MM_B_ijk	1.96088	2.37464	1.95393	1.95496	1.9584	1.95328	1.95557	1.95568	1.95756	1.95451	1.95364	1.95541	1.95729	1.95414	1.95353	1.95672

