Evaluation : N=286, type=float
MM_ijk	4.24485	3.9666	3.36186	3.36453	3.35659	3.34763	3.35578	3.34077	3.33749	3.34045	3.34904	3.33121	3.33883	3.34167	3.35025	3.34912

MM_ikj	1.4352	1.43864	1.4333	1.41192	1.43454	1.50021	1.50531	1.42445	1.45614	1.45107	1.43798	1.40721	1.43379	1.4394	1.44025	1.40728

MM_B_ijk	1.58875	1.60337	1.59612	1.59199	1.57703	1.55411	1.58566	1.59175	1.59287	1.58776	1.54988	1.5855	1.5905	1.59298	1.59362	1.58554

Evaluation : N=286, type=float
MM_ijk	4.20969	4.17519	4.12437	3.41255	3.34618	3.34443	3.33401	3.33987	3.34153	3.34719	3.33093	3.33817	3.34427	3.34165	3.33755	3.33657

MM_ikj	1.42152	1.43221	1.41153	1.44297	1.44334	1.46682	1.41618	1.44248	1.44049	1.42988	1.41964	1.44349	1.4374	1.40811	1.43133	1.43777

MM_B_ijk	1.58267	1.58115	1.54084	1.57808	1.5845	1.5862	1.58159	1.54879	1.58083	1.58584	1.58467	1.58741	1.58318	1.54554	1.58354	1.5836

