Evaluation : N=118, type=float
MM_ijk	3.85303	3.26508	3.08149	2.91624	2.77673	2.76664	2.83343	2.7701	2.88956	3.11711	3.09978	2.94561	2.87023	2.88466	2.76976	2.80582

MM_ikj	1.43199	1.39774	1.33172	1.34729	1.35911	1.38836	1.33888	1.40855	1.3843	1.3317	1.33172	1.34315	1.33214	1.33171	1.33173	1.33174

MM_B_ijk	1.54028	1.52511	1.52478	1.58874	1.52494	1.52504	1.52607	2.33906	1.98364	1.72546	1.55898	1.52485	1.52475	1.53917	1.52484	1.52488

Evaluation : N=118, type=float
MM_ijk	3.75209	4.46603	3.72783	3.04314	3.55854	3.17681	3.39515	2.96088	4.22107	3.57689	3.18606	3.16637	2.99625	3.03916	2.9567	3.11703

MM_ikj	1.42387	1.49127	1.75245	1.55271	1.442	1.70523	1.4728	1.43935	1.44504	1.43735	1.42372	1.43081	1.44294	1.42356	1.42356	1.42357

MM_B_ijk	2.0723	1.7465	1.63785	1.81237	1.67404	1.74081	1.68227	2.03069	1.71093	1.64659	1.77562	1.63085	1.63043	1.64311	1.84471	1.70343

Evaluation : N=118, type=float
MM_ijk	3.79988	3.43765	3.76739	3.57637	3.43459	3.4699	3.4468	3.43461	3.50537	3.56333	3.84273	3.58953	3.45805	3.43479	3.44669	3.43444

MM_ikj	1.70415	1.74427	1.65973	1.70433	1.72241	1.79392	1.70463	1.72847	1.65357	1.677	1.65198	1.65267	1.79191	2.05192	1.65318	1.65157

MM_B_ijk	1.91681	1.89089	1.89176	2.48018	1.99548	2.92225	3.41786	2.80373	1.89123	1.91407	2.07462	2.89079	3.27535	3.2796	3.30925	3.61864

