Evaluation : N=52, type=float
MM_ijk	3.05328	2.65167	2.65224	2.65134	2.65049	2.65107	2.65188	2.65074	2.65094	2.6513	2.65155	2.65108	2.65135	2.65241	2.89109	2.65224

MM_ikj	0.453907	0.447663	0.447222	0.447265	0.447848	0.447208	0.447201	0.447144	0.447713	0.447315	0.447158	0.447165	0.447862	0.447691	0.447215	0.447094

MM_B_ijk	1.85256	1.84849	1.84588	1.84711	1.84678	1.84715	1.84677	1.84682	1.84568	1.84581	1.8461	1.84623	1.84672	1.84645	1.84736	1.84727

Evaluation : N=52, type=float
MM_ijk	3.64127	2.80663	2.80867	2.809	2.80889	2.81036	2.80846	2.80877	2.80949	2.80868	2.8087	2.80852	2.80958	2.81037	2.80961	2.80937

MM_ikj	0.467292	0.465286	0.464625	0.464959	0.465087	0.46508	0.464611	0.46481	0.465016	0.465244	0.464917	0.464696	0.464853	0.465286	0.465173	0.464803

MM_B_ijk	1.92584	1.92126	1.9206	1.92013	1.92159	1.92175	2.11206	1.92274	1.92117	1.92424	1.92096	1.92002	1.92023	1.92106	1.92084	1.92099

Evaluation : N=52, type=float
MM_ijk	3.15556	2.75716	2.75832	2.75713	2.75732	2.7566	2.75689	2.75615	3.25518	2.75773	2.75863	2.7576	2.75794	2.75738	3.10479	2.84919

MM_ikj	0.47104	0.465827	0.46609	0.472846	0.467128	0.468067	0.471602	0.469262	0.470571	0.473728	0.468487	0.475905	0.483379	0.535809	0.558339	0.466218

MM_B_ijk	2.05824	1.97605	2.35914	2.00688	2.24511	2.26214	1.9516	2.0685	2.12836	2.00088	1.99354	1.95807	1.95491	1.95717	1.99719	1.9894

