Evaluation : N=248, type=float
MM_ijk	3.99493	3.92934	3.32226	3.1406	3.13408	3.14801	3.14197	3.14137	3.12915	3.17061	3.12907	3.14301	3.13594	3.13134	3.13077	3.13198

MM_ikj	0.344403	0.347001	0.349556	0.344484	0.354525	0.360875	0.354748	0.344003	0.344479	0.343262	0.349074	0.350372	0.343354	0.362116	0.3512	0.349684

MM_B_ijk	1.521	1.55635	1.52874	1.55782	1.52779	1.54946	1.52632	1.54814	1.52698	1.54926	1.53372	1.53914	1.55878	1.53824	1.58265	1.55867

Evaluation : N=248, type=float
MM_ijk	3.83038	3.75887	3.78936	3.77832	3.75175	3.59449	3.17455	3.15261	3.15582	3.16571	3.15457	3.15489	3.16036	3.15893	3.14417	3.14634

MM_ikj	0.345812	0.344162	0.353811	0.344236	0.396064	0.362281	0.347616	0.346539	0.343956	0.344464	0.347869	0.349831	0.378023	0.366001	0.362226	0.346938

MM_B_ijk	1.52982	1.6026	1.53556	1.59751	1.58443	1.54449	1.59267	1.54219	1.60221	1.5278	1.63086	1.53551	1.6085	1.52459	1.6022	1.53038

Evaluation : N=248, type=float
MM_ijk	3.96924	3.94209	3.94305	3.91664	3.8253	3.21181	3.14835	3.15148	3.14958	3.14781	3.15005	3.14977	3.15378	3.14188	3.14905	3.14731

MM_ikj	0.350972	0.396838	0.361596	0.344211	0.347381	0.346673	0.343637	0.354949	0.345034	0.394826	0.35881	0.348356	0.345257	0.343271	0.344518	0.343227

MM_B_ijk	1.61459	1.53473	1.60716	1.52924	1.60187	1.53555	1.5987	1.58281	1.54812	1.60247	1.54139	1.5955	1.54325	1.61143	1.53061	1.6228

