Evaluation : N=126, type=float
MM_ijk	3.61673	3.57023	3.75165	3.72464	3.5449	3.51164	3.51694	3.53546	3.59443	3.73122	3.6079	3.52711	3.52017	3.55838	3.55514	3.78332

MM_ikj	1.67691	1.58784	1.60272	1.58678	1.58647	2.14588	1.76774	1.58738	1.63726	1.58676	1.61415	1.80324	1.72487	1.63092	1.63586	1.58749

MM_B_ijk	1.84562	1.82161	1.82727	1.82127	1.82159	1.927	1.82158	2.11414	2.44533	1.92834	1.91209	1.82166	1.83944	1.82137	1.83547	1.82157

Evaluation : N=126, type=float
MM_ijk	3.69238	3.48462	3.61516	3.51573	3.37472	3.39668	3.38818	3.45112	3.72953	3.53847	3.4528	3.3907	3.37684	3.43023	3.51703	3.6546

MM_ikj	1.61547	1.52817	1.54688	1.52775	1.54118	1.54726	1.57673	1.72287	1.52873	1.53196	1.60861	1.60782	1.80539	1.56672	1.6441	1.52847

MM_B_ijk	1.76423	1.75395	1.75885	1.7539	1.75392	1.8238	1.80448	1.76291	1.96343	2.1104	1.83093	1.94228	1.77573	1.75418	1.75392	1.76413

Evaluation : N=126, type=float
MM_ijk	3.86634	3.7012	3.65889	3.71498	3.64903	3.93337	3.8031	3.68682	3.69627	3.66442	3.71124	3.92027	3.79477	3.67916	3.66247	3.67595

MM_ikj	1.8857	1.6508	1.73049	1.99372	1.70313	1.77607	1.65062	1.66929	1.69134	1.65003	1.66822	1.64991	1.64991	1.70434	1.65001	1.7682

MM_B_ijk	2.46101	1.96523	1.94832	1.89439	1.91371	1.98871	1.91034	1.89431	1.94533	1.94039	1.94848	2.37415	1.91564	1.77083	1.67195	1.6552

