Evaluation : N=232, type=float
MM_ijk	3.80738	3.69742	3.7251	3.69229	3.6921	3.69089	3.2676	3.08377	3.081	3.10173	3.09165	3.10002	3.09689	3.09183	3.08838	3.09027

MM_ikj	0.348988	0.36476	0.35504	0.348445	0.345725	0.343841	0.344326	0.35051	0.348788	0.344007	0.343927	0.36078	0.353618	0.355544	0.344494	0.345985

MM_B_ijk	1.54367	1.56652	1.53359	1.56688	1.54469	1.55146	1.56298	1.54393	1.57517	1.53434	1.56773	1.53831	1.56629	1.56639	1.54489	1.56858

Evaluation : N=232, type=float
MM_ijk	3.85845	3.72199	3.73622	3.42014	3.12236	3.12049	3.11152	3.09594	3.10036	3.11788	3.11922	3.11912	3.12623	3.13501	3.11353	3.14921

MM_ikj	0.436849	0.38581	0.36617	0.351967	0.349725	0.356499	0.350254	0.374808	0.394038	0.386528	0.484037	0.433419	0.414498	0.402994	0.395784	0.391246

MM_B_ijk	1.82899	1.60249	1.69032	1.55815	1.57216	1.67893	1.66933	1.73295	1.55521	1.63979	1.53621	1.63712	1.54832	1.55541	1.63143	1.55162

Evaluation : N=232, type=float
MM_ijk	3.66787	3.45245	3.46318	3.47275	3.45884	3.47264	3.45148	3.21558	3.1005	3.10287	3.11937	3.12123	3.12501	3.12794	3.12306	3.10053

MM_ikj	0.358053	0.359403	0.346255	0.343593	0.344577	0.343435	0.349351	0.350798	0.351122	0.401337	0.361342	0.355482	0.347537	0.343492	0.343966	0.343069

MM_B_ijk	1.62979	1.5551	1.55453	1.64976	1.54644	1.63626	1.53453	1.63581	1.54818	1.61476	1.56818	1.54735	1.63943	1.54059	1.64489	1.53591

