Evaluation : N=289, type=float
MM_ijk	4.77893	4.78409	4.43174	4.40191	4.43699	4.15714	4.30144	4.39834	4.52165	4.39468	3.97452	3.82357	3.41659	3.33625	3.39941	3.35049

MM_ikj	2.24882	1.9852	2.34349	1.98335	1.96789	1.92502	1.90426	2.17956	1.8424	1.86371	2.21072	1.85217	1.84712	1.83631	1.83785	1.84168

MM_B_ijk	1.55188	1.54967	1.55281	1.53578	1.79417	1.69705	1.61908	1.55179	1.55455	1.56113	1.54623	1.54235	1.55731	1.56286	1.59053	1.55447

Evaluation : N=289, type=float
MM_ijk	4.01528	3.72935	3.309	3.30431	3.28943	3.30707	3.30031	3.4074	3.33346	3.2958	3.3029	3.30158	3.30344	3.29526	3.30207	3.30714

MM_ikj	1.83582	1.83615	1.84001	1.83695	1.8512	1.8372	1.83873	1.83683	1.83924	1.83715	1.83663	1.8386	1.83706	1.83702	1.83668	1.83502

MM_B_ijk	1.53596	1.5513	1.54565	1.55168	1.54971	1.54707	1.53688	1.54954	1.54035	1.55116	1.57504	1.54269	1.53844	1.54453	1.55106	1.54929

