Evaluation : N=251, type=float
MM_ijk	4.15393	4.02258	3.56989	3.27211	3.28605	3.25784	3.25444	3.25131	3.25711	3.28408	3.29462	3.25473	3.25681	3.63013	3.90495	3.39994

MM_ikj	3.00416	3.35418	2.45299	1.84709	1.83921	1.86167	1.83585	1.84893	1.8644	1.83617	1.85121	1.85944	1.83476	1.85139	1.85628	1.83982

MM_B_ijk	1.57582	1.55637	1.55719	1.60165	2.2106	1.56197	1.54283	1.57061	1.58026	1.86861	1.61567	1.53289	1.61851	1.54279	1.60816	1.556

Evaluation : N=251, type=float
MM_ijk	3.93522	3.86348	3.40379	3.24405	3.23822	3.23348	3.237	3.24171	3.23952	3.25322	3.24058	3.75718	3.8022	3.4109	3.3378	3.25815

MM_ikj	1.86417	1.85561	1.88947	1.8436	1.87478	1.89146	1.83851	1.88041	1.89729	1.9109	1.88714	1.89755	1.83639	1.88848	1.89652	2.16261

MM_B_ijk	1.69698	1.59796	1.58223	1.61941	1.53729	1.61716	1.55518	1.60877	1.59251	1.54614	1.60043	1.54149	1.57266	1.52467	1.56109	1.53832

