Evaluation : N=311, type=float
MM_ijk	3.73557	3.33542	3.33449	3.33891	3.34827	3.3324	3.32967	3.33946	3.3467	3.3335	3.32879	3.33023	3.33914	3.34604	3.35692	3.3404

MM_ikj	1.85711	1.87988	2.14562	1.86083	1.88078	1.85778	1.85222	1.86093	1.87111	1.86118	1.85167	1.8606	1.87302	2.14226	1.92128	2.07251

MM_B_ijk	1.57962	1.58062	1.57546	1.57677	1.57601	1.57501	1.57481	1.57689	1.57402	1.57747	1.57422	1.57496	1.57854	1.57859	1.57355	1.57885

Evaluation : N=311, type=float
MM_ijk	4.21011	3.59483	3.34157	3.33824	3.33446	3.34156	3.3449	3.33208	3.33036	3.33195	3.33701	3.33428	3.32892	3.32711	3.33188	3.44628

MM_ikj	1.8476	1.84742	1.90867	1.89266	1.89078	1.86021	1.85594	1.88153	1.84833	1.85135	1.85675	1.86792	1.85496	1.84533	1.85019	1.86972

MM_B_ijk	1.59606	1.74464	1.61766	1.65734	1.57298	1.57717	1.57266	1.57127	1.5763	1.57586	1.57191	1.5765	1.57732	1.59583	1.57465	1.57388

