Evaluation : N=160, type=float
MM_ijk	3.60306	3.56291	3.56263	3.48407	3.514	3.57379	3.4767	3.50264	3.58491	3.55102	3.48704	3.59072	3.47096	3.60825	3.66607	3.47542

MM_ikj	0.53534	0.538828	0.534998	0.565618	0.556151	0.563943	0.53463	0.53475	0.543771	0.604709	0.539416	0.555142	0.565223	0.540803	0.534976	0.503817

MM_B_ijk	1.84526	1.84387	1.86423	1.82777	1.88342	1.78813	1.7864	1.78445	1.8027	2.04531	1.84579	1.78776	1.78398	1.78402	1.80505	1.78948

Evaluation : N=160, type=float
MM_ijk	3.73775	3.50575	3.50175	3.58414	3.47892	3.50142	3.55856	3.48566	3.51163	3.6635	3.47677	3.51533	3.56209	3.49233	3.50111	3.55552

MM_ikj	0.562601	0.535603	0.534623	0.53472	0.541052	0.534625	0.534718	0.534562	0.6005	0.534829	0.534774	0.534566	0.558387	0.556822	0.53396	0.534846

MM_B_ijk	2.38997	2.15655	2.13468	2.15267	2.15135	2.20375	1.97282	1.84506	1.84576	1.85717	1.90128	1.86008	1.8041	1.78801	1.80498	1.78456

Evaluation : N=160, type=float
MM_ijk	3.74973	3.69615	3.65395	3.64631	3.73145	3.64449	3.6363	3.69337	3.72698	3.61719	3.67923	3.66124	3.64912	3.69923	3.64181	3.63016

MM_ikj	0.577712	0.555338	0.555926	0.70612	0.609121	0.562677	0.607221	0.556352	0.555374	0.555481	0.559468	0.524751	0.478606	0.478679	0.482196	0.478969

MM_B_ijk	1.95158	1.9148	1.84771	1.8233	1.78674	1.78647	1.79931	2.0496	1.84502	1.80906	1.92266	2.05732	1.81525	1.79937	1.96266	1.84001

