Evaluation : N=247, type=float
MM_ijk	4.10776	4.00564	3.8545	3.2714	3.24961	3.23786	3.25326	3.23806	3.23515	3.23504	3.23377	3.2322	3.23892	3.23724	3.24014	3.23494

MM_ikj	1.85302	1.86774	1.83737	1.85453	1.84361	1.84978	1.86082	1.83858	1.87955	1.85724	1.85224	1.84573	1.83765	1.85082	1.86496	1.83657

MM_B_ijk	1.55669	1.53809	1.55377	1.53716	1.55711	1.54439	1.55345	1.53949	1.5528	1.69666	1.72498	1.56579	1.56657	1.56865	1.53168	1.58026

Evaluation : N=247, type=float
MM_ijk	3.80153	3.90403	4.20615	4.17918	4.20416	3.88731	3.23218	3.23081	3.24098	3.252	3.23282	3.24754	3.2384	3.24155	3.23751	3.23285

MM_ikj	1.83643	1.85319	1.86472	1.83016	1.86096	1.85001	1.84168	1.86155	1.83505	1.85402	1.86281	1.83645	1.85606	1.84747	1.84777	1.86537

MM_B_ijk	1.53152	1.55684	1.53066	1.55667	1.53057	1.55737	1.53206	1.55539	1.53156	1.55738	1.53024	1.55683	1.53342	1.55293	1.53547	1.55136

Evaluation : N=247, type=float
MM_ijk	4.13112	4.0655	4.04135	4.05921	3.60452	3.25928	3.24814	3.25009	3.24461	3.25253	3.2561	3.27049	3.25858	3.26095	3.25705	3.25716

MM_ikj	1.8368	1.89694	1.88977	1.85048	1.89236	1.85615	1.87044	1.90286	1.83365	1.89239	1.89027	1.83936	1.89326	1.85204	1.87626	1.89964

MM_B_ijk	1.53212	1.62299	1.53319	1.6214	1.5362	1.6134	1.5662	1.59709	1.80359	1.54392	1.60356	1.54415	1.61812	1.53647	1.62446	1.53234

