Evaluation : N=339, type=float
MM_ijk	4.16416	3.37334	3.33974	3.35008	3.33485	3.34366	3.34429	3.33246	3.33532	3.33423	3.33686	3.3889	3.34226	3.33977	3.34089	3.37284

MM_ikj	1.82914	1.8342	1.82232	1.83219	1.82353	1.83085	1.82828	2.06577	2.0162	2.0928	1.83138	1.82229	1.835	1.83296	1.83513	1.82367

MM_B_ijk	1.55056	1.53988	1.54207	1.55165	1.5411	1.54093	1.55171	1.53907	1.73657	1.54385	1.5426	1.54819	1.54292	1.5398	1.54888	1.54297

Evaluation : N=339, type=float
MM_ijk	4.22554	3.91325	3.35705	3.34873	3.35741	3.35067	3.34772	3.34894	3.38271	3.34602	3.36855	3.37521	3.35348	3.35333	3.35764	3.35982

MM_ikj	1.83994	1.86101	1.86706	1.84473	1.86021	1.83915	1.86459	1.85836	1.8392	1.86078	1.85113	1.86405	1.86414	1.84298	1.86801	1.84472

MM_B_ijk	1.60062	1.567	1.56146	1.55384	1.54286	1.56906	1.55825	1.54752	1.56464	1.79302	2.17784	2.02697	1.89886	1.68812	1.56678	1.59599

