Evaluation : N=108, type=float
MM_ijk	3.39633	3.18072	3.14119	3.04511	2.97574	2.88126	2.93879	2.90529	2.87422	2.87553	2.77506	2.76555	2.67966	2.67966	2.72916	2.59032

MM_ikj	0.367447	0.398713	0.378396	0.378691	0.379449	0.379519	0.379452	0.419085	0.410057	0.380259	0.379918	0.379942	0.482846	0.367224	0.367337	0.367241

MM_B_ijk	1.59512	1.58843	1.61539	1.62393	1.63401	1.54586	1.7943	1.65536	1.59671	1.60205	1.53768	1.55776	1.53664	1.53655	1.53676	1.56264

Evaluation : N=108, type=float
MM_ijk	3.27736	3.03522	2.94107	2.84409	2.6722	2.5898	2.60595	2.61776	2.57339	2.52001	2.51558	2.6604	2.86953	2.73753	2.77633	2.67811

MM_ikj	0.37662	0.376009	0.375907	0.376205	0.376789	0.376919	0.376842	0.39594	0.377509	0.376929	0.376823	0.376844	0.376839	0.376835	0.376759	0.376825

MM_B_ijk	1.6435	1.64088	1.63634	1.53755	1.53747	1.59523	1.68824	1.543	1.59751	1.66201	1.62363	1.67091	1.75076	1.60454	1.66657	1.61539

Evaluation : N=108, type=float
MM_ijk	3.25533	3.19679	3.47137	3.46344	3.26229	3.14646	3.10854	3.12478	3.10773	3.10764	3.22974	3.10853	3.23837	3.20966	3.69074	3.15264

MM_ikj	0.486795	0.44832	0.435839	0.498156	0.46413	0.43759	0.437016	0.436931	0.436951	0.436969	0.436942	0.436951	0.436944	0.436921	0.436953	0.436972

MM_B_ijk	1.90651	1.92613	1.9055	1.90939	1.92273	1.90561	1.90516	1.90492	2.05409	1.90553	1.98675	2.66253	2.02423	1.91822	2.01587	1.95282

