Evaluation : N=226, type=float
MM_ijk	3.74178	3.33886	3.22786	3.23988	3.23523	3.45917	3.25423	3.23836	3.24014	3.21631	3.24137	3.22625	3.23941	3.2659	3.25163	3.22516

MM_ikj	1.47808	1.4223	1.47657	1.44267	1.43128	1.4876	1.42062	1.46043	1.48925	1.42142	1.4757	1.48669	1.74993	1.69138	1.43223	1.49538

MM_B_ijk	1.5453	1.69024	1.68087	1.64702	1.62941	1.55252	1.54132	1.63362	1.52532	1.63803	1.54084	1.56445	1.60853	1.52768	1.64259	1.52679

Evaluation : N=226, type=float
MM_ijk	3.94504	3.86534	3.86179	3.44999	3.24618	3.22893	3.23892	3.23091	3.2396	3.27917	3.23571	3.21545	3.23919	3.23125	3.24917	3.23977

MM_ikj	1.42628	1.46573	1.43553	1.43273	1.45659	1.42752	1.4322	1.46073	1.42195	1.43935	1.45275	1.42972	1.44752	1.43565	1.43075	1.45282

MM_B_ijk	1.52653	1.54422	1.57129	1.53299	1.5687	1.52845	1.54273	1.5621	1.54074	1.55175	1.53637	1.54173	1.56293	1.53229	1.58625	1.5495

Evaluation : N=226, type=float
MM_ijk	3.78912	3.41516	3.23578	3.25766	3.24607	3.24068	3.2413	3.2393	3.22106	3.23469	3.22851	3.242	3.24228	3.23868	3.21692	3.23668

MM_ikj	1.44915	1.41983	1.43226	1.44635	1.42048	1.43701	1.44383	1.41772	1.48345	1.46112	1.43549	1.49611	1.4374	1.44493	1.4815	1.41885

MM_B_ijk	1.62787	1.54865	1.54779	1.62538	1.52727	1.63293	1.54351	1.54703	1.62578	1.52743	1.64036	1.5296	1.5486	1.62406	1.52442	1.64283

