Evaluation : N=186, type=float
MM_ijk	3.96043	3.86474	3.94205	3.78911	3.95267	3.69262	3.30167	3.04402	3.177	3.07011	3.14893	3.0838	3.08179	3.15302	3.07179	3.22531

MM_ikj	1.33209	1.33095	1.35304	1.42299	1.36604	1.33209	1.32809	1.34968	1.41285	1.37951	1.33174	1.32983	1.34809	1.3512	1.43027	1.34522

MM_B_ijk	1.52532	1.55021	1.68932	1.56721	1.52778	1.52661	1.57568	1.70755	1.52894	1.52532	1.55057	1.67995	1.56996	1.54767	1.52744	1.5677

Evaluation : N=186, type=float
MM_ijk	3.94597	3.7881	3.83417	3.82939	3.78399	3.92934	3.77881	3.83836	3.80183	3.83491	3.78622	3.82346	3.26512	3.13121	3.0587	3.0883

MM_ikj	1.32979	1.32861	1.33883	1.33494	1.3701	1.33088	1.33855	1.34412	1.32872	1.35777	1.35212	1.33742	1.56922	1.70833	1.38693	1.33117

MM_B_ijk	1.52689	1.54235	1.57874	1.56114	1.52457	1.53909	1.52654	1.5786	1.53962	1.52714	1.53909	1.54473	1.5783	1.52347	1.52522	1.5511

Evaluation : N=186, type=float
MM_ijk	4.26401	4.2054	4.32233	4.21526	4.26736	4.30526	4.32006	4.33669	4.10621	3.77088	3.33712	3.4623	3.38476	3.53009	3.61569	3.55544

MM_ikj	1.46912	1.51828	1.48131	1.49153	1.51606	1.47735	1.47617	1.51024	1.61741	1.34247	1.5716	1.40426	1.65719	1.44705	1.54009	1.42492

MM_B_ijk	1.78665	1.92235	1.70061	1.67104	1.6983	1.91782	1.65617	1.73129	1.64612	2.04644	1.67745	1.67901	1.70002	2.02727	1.73184	1.53703

