Evaluation : N=41, type=float
MM_ijk	3.18616	2.64855	2.64208	2.64751	2.64349	2.64742	2.64153	2.64651	2.64593	2.64764	2.64197	2.64683	2.64469	2.64625	2.64207	2.64664

MM_ikj	2.14932	2.14205	2.14276	2.1416	2.14107	2.14176	2.14222	2.14132	2.14118	2.87301	2.16571	2.16628	2.16655	2.16586	2.16539	2.16631

MM_B_ijk	1.87042	1.86234	1.86357	1.86032	1.86319	1.86128	1.86278	1.85987	1.8628	1.85969	1.86203	1.86056	1.86337	1.85994	1.86234	1.86059

Evaluation : N=41, type=float
MM_ijk	3.31993	2.75337	2.75218	2.75024	3.27931	2.7508	2.74896	2.75337	2.7479	2.75006	2.74954	2.75167	2.74922	2.75174	2.74877	2.75115

MM_ikj	2.2329	2.22739	2.22777	2.22775	2.22781	2.22717	2.22687	2.2273	2.22793	2.22767	2.2271	2.22687	2.22741	2.22787	2.2277	2.2271

MM_B_ijk	1.94495	1.93755	1.93571	1.9354	1.93513	1.93482	1.93694	1.93385	1.93652	1.93545	1.93556	1.93768	1.93362	1.93623	1.93456	2.72981

Evaluation : N=41, type=float
MM_ijk	3.32888	2.75037	2.75189	2.74902	2.75144	2.74812	2.75048	2.74793	2.75185	2.74807	2.75189	2.74919	2.75189	2.74646	2.74881	2.74918

MM_ikj	2.23414	2.22752	2.22755	2.22746	2.22801	2.22746	2.22701	2.22706	2.22758	2.22787	2.22751	2.2269	2.22719	2.22754	2.22794	2.22742

MM_B_ijk	1.94765	1.93479	1.93413	1.9343	1.93391	1.93316	1.93572	1.93233	1.93459	1.93295	1.93394	1.93439	1.93281	1.9345	2.36835	1.93215

