Evaluation : N=517, type=float
MM_ijk	3.72064	3.50307	3.52672	6.62303	5.40194	4.14171	3.91962	3.52465	3.57768	3.6055	3.80282	3.80953	5.01542	4.59037	3.58649	3.55568

MM_ikj	1.82891	1.89176	1.83217	1.84249	1.83808	1.82778	1.82835	1.82483	1.81989	1.82424	1.82259	1.82795	1.83182	1.82764	1.82503	1.8223

MM_B_ijk	1.55368	1.55091	1.54895	1.54826	1.55215	1.55181	1.55175	1.56319	1.55806	1.5579	1.55106	1.54864	1.54956	1.55146	1.5509	1.54895

Evaluation : N=517, type=float
MM_ijk	3.76421	3.4228	3.41942	3.42095	3.42378	3.44638	3.66645	3.45895	3.41912	3.43362	3.41747	3.41484	3.42654	3.41518	3.41569	3.4216

MM_ikj	1.8131	1.80978	1.85138	1.81272	1.95436	1.93513	1.82328	1.81242	1.81554	1.84436	2.16995	1.81698	1.81408	1.81745	1.82415	1.81347

MM_B_ijk	1.54003	1.54046	1.5707	1.57945	1.59255	1.59386	1.56567	1.54815	1.54812	1.55409	1.55469	1.5989	1.55978	1.54637	1.54184	1.54108

