Evaluation : N=327, type=float
MM_ijk	4.22033	3.39667	3.3421	3.35235	3.33726	3.33895	3.33224	3.33745	3.33334	3.37111	3.33779	3.32968	3.39463	3.3352	3.55137	3.44911

MM_ikj	1.83034	1.83884	1.86659	1.83436	1.82597	1.83714	1.8336	1.82505	1.83561	1.82501	1.83282	1.83293	1.82853	1.83513	1.82608	1.84683

MM_B_ijk	1.55438	1.54062	1.5473	1.53901	1.5483	1.54558	1.53965	1.54333	1.53956	1.54665	1.54285	1.53866	1.53989	1.54249	1.56491	1.54501

Evaluation : N=327, type=float
MM_ijk	5.52095	5.12164	4.91499	4.8973	4.14432	3.62435	3.76709	3.65906	3.73687	3.81187	3.4995	3.3369	3.36234	3.46537	3.43526	3.46494

MM_ikj	1.9056	1.92706	1.92866	1.93623	1.9624	1.98203	2.15645	1.96711	2.14545	1.9911	1.94335	1.84821	1.87542	1.84928	1.95273	1.91129

MM_B_ijk	1.59225	1.60305	1.58674	1.57298	1.57501	1.57427	1.6077	1.58038	1.62892	2.34285	2.56135	2.34031	1.69858	1.5891	1.57011	1.58958

