Evaluation : N=211, type=float
MM_ijk	3.90978	3.81113	3.79948	3.81829	3.47023	3.2273	3.15721	3.21334	3.21788	3.15759	3.23688	3.21834	3.15769	3.20959	3.2115	3.14858

MM_ikj	2.05787	1.83998	1.92881	1.86318	1.85308	1.93166	1.84677	1.91249	1.87339	1.85323	1.93563	1.84049	1.91699	1.87497	1.84505	1.97355

MM_B_ijk	1.52808	1.54012	1.65905	1.52904	1.54005	1.64328	1.54456	1.54158	1.64296	1.54275	1.55491	1.64182	1.5422	1.53222	1.64616	1.55268

Evaluation : N=211, type=float
MM_ijk	4.00279	3.95111	3.93246	3.99285	3.99652	3.92533	3.93961	3.75632	3.28408	3.15667	3.17618	3.18321	3.15391	3.17751	3.18828	3.15398

MM_ikj	1.87343	1.85456	1.85478	1.8572	1.85467	1.87373	1.84148	1.85257	1.8714	1.85462	1.86936	1.83955	1.85731	1.87552	1.84829	1.87617

MM_B_ijk	1.54211	1.53927	1.57135	1.5355	1.53418	1.55626	1.55111	1.56042	1.53739	1.57618	1.55525	1.5363	1.58965	1.55793	1.5378	1.56524

Evaluation : N=211, type=float
MM_ijk	4.06346	3.95379	3.95529	3.93599	3.3689	3.18587	3.18311	3.21792	3.18118	3.18282	3.21717	3.18145	3.19024	3.26943	3.18119	3.17978

MM_ikj	1.92894	1.86571	1.84324	1.94884	1.84078	1.91876	1.87777	1.85625	1.93107	1.84498	1.88574	1.90098	1.84285	1.94561	1.84076	1.85787

MM_B_ijk	1.64819	1.52775	1.55193	1.64969	1.53046	1.68656	1.63456	1.528	1.58573	1.65677	1.52714	1.55334	1.65243	1.52737	1.5429	1.6567

