Evaluation : N=218, type=float
MM_ijk	3.91656	3.83992	3.84862	3.89513	3.86821	3.89105	3.86856	3.86307	3.3525	3.21204	3.22262	3.30648	3.2085	3.22383	3.22913	3.23826

MM_ikj	1.42488	1.43979	1.45811	1.4251	1.43751	1.44902	1.4261	1.43776	1.46155	1.42517	1.43985	1.45988	1.42481	1.43764	1.46801	1.42641

MM_B_ijk	1.54299	1.56784	1.53275	1.54204	1.56715	1.52393	1.54946	1.56465	1.5341	1.5496	1.55254	1.54287	1.55426	1.54127	1.54218	1.56559

Evaluation : N=218, type=float
MM_ijk	3.98419	3.89555	3.87849	3.88198	3.87092	3.84185	3.85733	3.31396	3.26742	3.26614	3.23285	3.22804	3.24948	3.23518	3.21158	3.2375

MM_ikj	1.43777	1.49803	1.42643	1.43654	1.497	1.42677	1.43748	1.49853	1.42676	1.4431	1.49934	1.42671	1.43702	1.49788	1.4264	1.43778

MM_B_ijk	1.64487	1.52918	1.55362	1.63611	1.53322	1.64037	1.54208	1.54193	1.63986	1.53779	1.54238	1.64003	1.52964	1.55052	1.63911	1.53476

Evaluation : N=218, type=float
MM_ijk	4.0964	3.99542	4.00529	4.10462	4.01375	4.00411	3.5063	3.23907	3.23713	3.20897	3.22356	3.23073	3.22154	3.20945	3.22172	3.23834

MM_ikj	1.42326	1.43998	1.4634	1.42349	1.4379	1.46084	1.4267	1.4469	1.45913	1.4303	1.43748	1.45811	1.42638	1.43965	1.45899	1.42725

MM_B_ijk	1.54382	1.56772	1.52441	1.54684	1.56611	1.53357	1.55925	1.73832	1.83531	1.55614	1.53458	1.5496	1.56897	1.52427	1.55765	1.55759

