Evaluation : N=337, type=float
MM_ijk	4.20519	3.4979	3.35359	3.34793	3.34188	3.40209	3.46658	3.3916	3.34885	3.35034	3.35834	3.36935	3.34346	3.34003	3.34201	3.33317

MM_ikj	1.82876	1.83245	1.82328	1.8398	1.82091	1.83597	1.82553	1.84763	1.83919	1.83167	1.82993	1.83061	1.83487	1.82632	1.835	1.82578

MM_B_ijk	1.55846	1.54258	1.54513	1.55547	1.54649	1.54432	1.5527	1.57613	1.57048	1.59553	1.58191	1.58907	1.69075	1.54882	1.55171	1.55309

Evaluation : N=337, type=float
MM_ijk	4.04534	3.91135	3.33753	3.34181	3.34508	3.3463	3.35352	3.35303	3.3644	3.34816	3.35272	3.35083	3.35102	3.35271	3.35301	3.3459

MM_ikj	1.87179	1.86907	1.83993	1.9028	1.83966	1.86089	1.85373	1.84718	1.85729	1.84674	1.86303	1.84083	1.86131	1.85567	1.84884	1.86282

MM_B_ijk	1.5702	1.56753	1.5976	1.57412	1.57976	1.59618	1.58938	1.5712	1.61665	1.56692	1.57185	1.60011	1.56764	1.57012	1.59046	1.55175

