Evaluation : N=270, type=float
MM_ijk	3.83831	3.37145	3.35366	3.32216	3.37554	3.32578	3.33471	3.32413	3.32601	3.33068	3.32396	3.33642	3.32228	3.34062	3.32152	3.33466

MM_ikj	1.40821	1.42468	1.41023	1.42286	1.42585	1.41018	1.42085	1.41648	1.4154	1.42713	1.40755	1.42431	1.4262	1.40991	1.42046	1.493

MM_B_ijk	1.55149	1.56412	1.54714	1.55384	1.55789	1.55068	1.548	1.55236	1.55062	1.53971	1.55206	1.55701	1.53452	1.56278	1.55802	1.53259

Evaluation : N=270, type=float
MM_ijk	4.23375	4.16899	4.15538	3.88969	3.34737	3.34509	3.34348	3.36251	3.33717	3.36236	3.33721	3.37138	3.33644	3.35899	3.33559	3.36005

MM_ikj	1.41294	1.45686	1.4099	1.44769	1.4556	1.4179	1.4477	1.43769	1.42098	1.46237	1.41587	1.45072	1.45613	1.41257	1.4484	1.44366

MM_B_ijk	1.5553	1.59832	1.59823	1.54314	1.61284	1.60614	1.54335	1.58852	1.60353	1.57489	1.55967	1.61148	1.58794	1.54909	1.59917	1.59505

