Evaluation : N=266, type=float
MM_ijk	4.23318	4.19002	4.14049	3.58383	3.33593	3.32505	3.33146	3.32655	3.33083	3.36437	3.40285	3.43575	3.46656	3.33847	3.32099	3.32289

MM_ikj	1.41982	1.42194	1.41546	1.42496	1.41248	1.42072	1.42483	1.41313	1.42539	1.41147	1.42119	1.42472	1.41083	1.4316	1.41282	1.46766

MM_B_ijk	2.09904	1.5458	1.56264	1.55973	1.53549	1.54268	1.55226	1.53764	1.55072	1.55019	1.53719	1.54878	1.54402	1.54767	1.54393	1.53565

Evaluation : N=266, type=float
MM_ijk	4.06122	3.98959	3.41532	3.32471	3.34506	3.33146	3.33689	3.35176	3.31975	3.35678	3.34358	3.32802	3.35095	3.38344	3.33919	3.3542

MM_ikj	1.41563	1.44456	1.45871	1.41005	1.44993	1.41557	1.44409	1.4506	1.41004	1.45	1.41394	1.44278	1.44157	1.42539	1.49274	1.42733

MM_B_ijk	1.61387	1.59762	1.54365	1.58375	1.59792	1.5398	1.58429	1.59714	1.5351	1.58968	1.59615	1.53643	1.58902	1.58854	1.54865	1.59006

