Evaluation : N=182, type=float
MM_ijk	3.84299	3.6941	3.69725	3.70721	3.67283	3.76658	3.70767	3.71988	3.63427	3.73733	3.64948	3.73693	3.5018	3.24786	3.03735	3.21859

MM_ikj	1.45251	1.44397	1.45024	1.4645	1.55812	1.45959	1.43366	1.44045	1.46097	1.55795	1.46287	1.44368	1.44046	1.46655	1.53635	1.48212

MM_B_ijk	1.52255	1.5229	1.56092	1.70229	1.5309	1.52034	1.52874	1.6797	1.57844	1.52248	1.51854	1.54453	1.68062	1.57201	1.5307	1.51951

Evaluation : N=182, type=float
MM_ijk	3.85665	3.66814	3.70441	3.67732	3.68673	3.68434	3.6838	3.63494	3.69476	3.63864	3.69251	3.61818	3.71196	3.6169	3.71364	3.38461

MM_ikj	1.50932	1.58866	1.4704	1.44301	1.44272	1.4564	1.48773	1.47058	1.44255	1.45702	1.44218	1.46201	1.50422	1.44411	1.44052	1.45629

MM_B_ijk	1.5346	1.58443	1.5201	1.51734	1.53259	1.56022	1.55466	1.51773	1.53206	1.5169	1.56559	1.54574	1.51703	1.5174	1.53108	1.56755

Evaluation : N=182, type=float
MM_ijk	4.52199	4.19244	4.31887	4.25632	4.32713	4.36401	4.264	4.23971	4.2369	4.28412	4.07058	3.55633	3.4755	3.43118	3.53698	3.38449

MM_ikj	1.63715	1.72256	1.64266	1.60367	1.62363	1.68663	1.6743	1.5492	1.50624	1.72654	1.61479	1.75121	1.50223	1.66315	1.57477	1.85929

MM_B_ijk	1.58248	1.78001	1.60531	2.02312	1.71627	1.68401	1.70519	1.85494	1.71852	1.68995	1.68625	1.8362	1.81027	1.62355	1.72618	1.67067

