Evaluation : N=257, type=float
MM_ijk	3.99568	4.05826	3.93405	3.94109	3.94103	3.94446	3.9097	3.93354	3.42944	3.2858	3.29475	3.2674	3.26259	3.27007	3.2829	3.27175

MM_ikj	1.86519	1.85298	1.89139	1.87687	1.84029	1.89537	1.88834	1.84017	1.87387	1.88032	1.86487	1.84361	1.88329	1.87409	1.84532	1.88201

MM_B_ijk	1.67164	1.53988	1.58432	1.5486	1.59356	1.59109	1.53701	1.6061	1.53462	1.5935	1.59902	1.53189	1.60588	1.53398	1.59849	1.58993

Evaluation : N=257, type=float
MM_ijk	3.85606	4.12008	4.23583	4.26175	4.07945	3.34441	3.27491	3.27204	3.28245	3.29933	3.28635	3.27238	3.28068	3.29115	3.27708	3.2663

MM_ikj	1.85297	1.83303	1.84701	1.8548	1.8348	1.84081	1.85394	1.84161	1.84388	1.8486	1.85187	1.83793	1.85298	1.85677	1.83218	1.85043

MM_B_ijk	1.73907	2.13547	1.5394	1.55041	1.5548	1.54372	1.53749	1.53914	1.54798	1.53278	1.57005	1.53374	1.54146	1.54748	1.54668	1.54233

