Evaluation : N=290, type=float
MM_ijk	4.24449	4.17584	4.00396	3.36118	3.35875	3.35596	3.35335	3.35279	3.35362	3.34504	3.3452	3.34712	3.36028	3.36129	3.35596	3.36647

MM_ikj	1.42848	1.44564	1.43565	1.48357	1.42015	1.43762	1.44501	1.41916	1.4025	1.4118	1.41748	1.41362	1.4005	1.40975	1.4132	1.41344

MM_B_ijk	1.56273	1.6694	1.56807	1.56933	1.54396	1.55069	1.55138	1.54794	1.54002	1.54858	1.55147	1.5688	1.55431	1.54576	1.53648	1.55614

Evaluation : N=290, type=float
MM_ijk	3.77312	3.38271	3.36413	3.35303	3.35877	3.36317	3.36295	3.35394	3.3393	3.36471	3.35018	3.35606	3.35351	3.34637	3.34348	3.34843

MM_ikj	1.41931	1.45935	1.53515	1.50544	1.45116	1.43797	1.43824	1.40853	1.45266	1.45246	1.44114	1.43149	1.42713	1.44137	1.44217	1.44077

MM_B_ijk	1.57974	1.56181	1.58164	1.58369	1.5921	1.58804	1.58892	1.58718	1.54199	1.58386	1.58819	1.58698	1.58517	1.58097	1.56973	1.55622

