Evaluation : N=172, type=float
MM_ijk	3.69448	3.29148	3.17318	3.14155	2.96364	2.92607	2.98508	2.88006	3.08101	2.97728	2.88265	2.92768	2.9884	2.88004	2.9221	2.98431

MM_ikj	0.347395	0.346285	0.346271	0.346382	0.349127	0.346371	0.346327	0.346315	0.346359	0.369001	0.346422	0.346284	0.365336	0.346278	0.349037	0.346431

MM_B_ijk	1.58327	1.56979	1.52989	1.53182	1.55249	1.54877	1.5906	1.5664	1.73405	1.56274	1.53369	1.576	1.60461	1.53552	1.5317	1.5534

Evaluation : N=172, type=float
MM_ijk	3.5963	3.63805	3.43649	3.56957	3.49911	3.46385	3.4749	3.04654	2.9406	3.02854	2.89989	2.90031	3.10527	2.90775	2.92247	3.00758

MM_ikj	0.354319	0.346366	0.346225	0.346204	0.346204	0.357118	0.346137	0.345932	0.345924	0.371977	0.369609	0.345885	0.364128	0.347416	0.345852	0.363723

MM_B_ijk	1.72765	1.5956	1.53702	1.54169	1.58906	1.72402	1.60495	1.53607	1.5337	1.54554	1.56664	1.7293	1.56872	1.5374	1.53332	1.56388

Evaluation : N=172, type=float
MM_ijk	3.91073	3.67127	3.72179	3.71654	3.62244	3.7352	3.63573	3.68175	3.63817	3.61781	3.72122	3.60053	3.71643	3.59938	3.67413	3.64464

MM_ikj	0.430611	0.429615	0.433905	0.429654	0.388594	0.370229	0.370205	0.385407	0.38839	0.370364	0.383118	0.377572	0.505415	0.394745	0.378905	0.37773

MM_B_ijk	1.80211	1.53868	1.53414	1.54871	1.75208	1.58338	1.53453	1.5335	1.54019	1.58839	1.7353	1.55337	1.53579	1.5338	1.56371	1.71372

