Evaluation : N=338, type=float
MM_ijk	4.2667	3.42618	3.39136	3.381	3.3669	3.36862	3.37576	3.38048	3.3728	3.37158	3.37196	3.42223	3.38716	3.37124	3.36827	3.3743

MM_ikj	1.42656	1.41672	1.41764	1.56753	1.58242	1.56545	1.56345	1.43473	1.41798	1.41566	1.41367	1.41689	1.43682	1.41253	1.41093	1.41373

MM_B_ijk	1.60706	1.5658	1.56801	1.59654	1.56988	1.56874	1.59851	1.56476	1.57086	1.59581	1.56327	1.59418	1.57458	1.56379	1.60229	1.56939

Evaluation : N=338, type=float
MM_ijk	3.9409	3.4225	3.39303	3.38851	3.39258	3.46387	3.48832	3.38031	3.38267	3.38424	3.38358	3.45048	3.3782	3.37424	3.3857	3.37806

MM_ikj	1.40499	1.41028	1.40029	1.40037	1.40083	1.40997	1.40799	1.41217	1.40318	1.40918	1.39834	1.40722	1.39924	1.39825	1.4029	1.39938

MM_B_ijk	1.55276	1.54149	1.54404	1.55082	1.5424	1.54345	1.55981	1.53922	1.54612	1.54874	1.53931	1.54422	1.57274	1.56599	1.57093	1.59915

