Evaluation : N=305, type=float
MM_ijk	4.17955	4.15218	3.73788	3.31659	3.31553	3.31132	3.31654	3.32737	3.31595	3.31834	3.31453	3.31413	3.31345	3.31369	3.31393	3.36125

MM_ikj	1.839	1.84031	1.84085	1.83309	1.83506	1.83308	1.83687	1.83278	1.84114	1.85487	1.83124	1.83413	1.83313	1.83447	1.84086	1.83879

MM_B_ijk	1.5499	1.54553	1.54414	1.54703	1.54708	1.54784	1.54275	1.5481	1.55902	1.54511	1.5476	1.5476	1.5854	1.54047	1.5572	1.61093

Evaluation : N=305, type=float
MM_ijk	4.04728	4.00404	3.62545	3.32838	3.32427	3.32569	3.33053	3.32657	3.33381	3.32733	3.32999	3.32673	3.32188	3.32444	3.32703	3.34921

MM_ikj	1.91812	1.8635	1.84944	1.85208	1.85315	1.8513	1.87717	1.85451	1.85206	1.84809	1.85166	1.85289	1.8687	1.85708	1.84867	1.84841

MM_B_ijk	1.5754	1.57997	1.57679	1.58238	1.57633	1.57544	1.5791	1.57607	1.57524	1.57514	1.57791	1.57612	1.57567	1.57622	1.57747	1.60556

