Evaluation : N=138, type=float
MM_ijk	3.62864	3.35408	3.07836	3.10983	3.23433	3.28288	3.18784	3.18913	3.22204	3.28464	3.23697	3.17967	3.18885	3.23374	3.19769	3.48238

MM_ikj	1.56412	1.4731	1.48377	1.47296	1.47276	1.47733	1.4731	1.50875	1.47956	1.57173	1.50669	1.4901	1.47429	1.47284	1.47707	1.47299

MM_B_ijk	1.80423	1.71919	1.69089	1.69359	1.78448	1.72943	1.69738	1.68627	1.69126	1.68681	1.69137	1.68656	1.72304	1.69288	1.78573	1.72932

Evaluation : N=138, type=float
MM_ijk	4.05852	3.72364	3.65916	3.66556	3.7341	3.79712	3.64747	3.57519	3.58995	3.61788	3.99726	3.58928	3.81341	3.62635	3.69234	3.73427

MM_ikj	1.65078	1.66205	1.77525	1.66359	1.73889	1.66191	1.66224	1.75626	1.85566	1.66462	1.64995	1.65843	1.64963	1.65689	1.70878	1.67603

MM_B_ijk	1.91645	2.07169	2.02638	1.90154	1.88886	1.89714	1.70532	1.62877	1.66314	1.63543	1.77095	1.67924	1.55997	1.53457	1.52357	1.57147

Evaluation : N=138, type=float
MM_ijk	3.66426	3.44812	3.70394	3.59199	3.43283	3.46253	3.47143	3.75352	3.50722	3.44053	3.43872	3.49862	3.66804	3.67843	3.57443	3.44411

MM_ikj	1.58633	1.64568	1.88061	1.63555	1.67137	1.60144	1.58611	1.59396	1.58606	1.61284	1.62076	1.6626	1.77832	1.71429	1.65105	1.63456

MM_B_ijk	1.81671	1.82404	1.81626	1.85119	1.85408	1.86364	2.19836	1.92797	1.83409	1.81661	1.82894	1.81633	1.85617	1.57433	1.58376	1.92319

