Evaluation : N=199, type=float
MM_ijk	4.13382	3.92261	3.98357	3.97157	4.00884	3.95438	3.99269	3.95935	3.94317	3.50765	3.16158	3.2448	3.20665	3.17595	3.21399	3.13677

MM_ikj	1.94602	1.87454	1.86172	1.93702	1.88421	1.85967	1.91292	1.86589	1.85544	1.88467	1.87115	1.86701	1.86599	1.88216	1.85541	1.86635

MM_B_ijk	1.57599	1.52534	1.54984	1.56683	1.54803	1.52719	1.55638	1.57964	1.52827	1.53917	1.54026	1.59926	1.52627	1.55153	1.57195	1.54474

Evaluation : N=199, type=float
MM_ijk	3.94461	3.73551	3.88165	3.87583	3.64869	3.30013	3.15403	3.18984	3.18365	3.16975	3.22634	3.12731	3.21566	3.13381	3.21986	3.14519

MM_ikj	1.95411	1.84179	1.86808	1.97041	1.84215	1.86805	1.96553	1.8474	1.86752	1.95848	1.84689	1.86798	1.96617	1.84605	1.87194	1.9709

MM_B_ijk	1.53077	1.54618	1.6649	1.55762	1.52576	1.59834	1.59966	1.52663	1.52727	1.5433	1.5815	1.54414	1.53719	1.55985	1.55306	1.52553

Evaluation : N=199, type=float
MM_ijk	4.05611	3.91187	3.95781	3.97135	3.92506	3.96287	4.02587	3.92554	3.89078	3.39341	3.21035	3.36408	3.16334	3.21785	3.22091	3.18861

MM_ikj	1.91776	1.89697	1.84492	1.88702	1.92684	1.84961	1.86429	1.9461	1.84393	1.86377	1.95735	1.84783	1.86935	1.95251	1.8428	1.86613

MM_B_ijk	1.66686	1.54372	1.53476	1.65987	1.59856	1.52857	1.54932	1.67659	1.53844	1.53707	1.5773	1.66776	1.52652	1.53526	1.67702	1.54926

