Evaluation : N=188, type=float
MM_ijk	3.77742	3.88228	3.68929	3.76298	3.66402	3.81576	3.70962	3.7185	3.75287	3.66294	3.72513	3.15101	3.04551	2.9795	3.02995	3.00169

MM_ikj	0.350541	0.346956	0.346668	0.346677	0.357613	0.346767	0.360281	0.349141	0.34679	0.356854	0.446534	0.368598	0.36595	0.365816	0.34903	0.353049

MM_B_ijk	1.54857	1.54296	1.55907	1.71428	1.53794	1.54083	1.54655	1.70532	1.5519	1.5315	1.55677	1.71157	1.55923	1.53404	1.55451	1.66453

Evaluation : N=188, type=float
MM_ijk	3.74414	3.75209	3.68632	3.69364	3.70852	3.71634	3.69791	3.7031	3.78575	3.6566	3.73356	3.66499	3.65594	3.16606	3.01442	2.94791

MM_ikj	0.345425	0.357345	0.352139	0.377705	0.348775	0.374269	0.346569	0.345404	0.345402	0.350213	0.34538	0.345414	0.346826	0.345456	0.345399	0.345388

MM_B_ijk	1.55024	1.65861	1.54626	1.53256	1.55744	1.57254	1.55857	1.53268	1.53822	1.55056	1.60228	1.53369	1.53237	1.55033	1.58605	1.55802

Evaluation : N=188, type=float
MM_ijk	3.8379	3.69287	3.71233	3.66077	3.82522	3.68985	3.7214	3.7494	3.7026	3.66648	3.69801	3.69803	3.35431	3.16552	2.98142	2.9544

MM_ikj	0.346974	0.349855	0.359518	0.378539	0.354869	0.36273	0.352575	0.346986	0.346757	0.34673	0.34809	0.346849	0.346729	0.346758	0.36416	0.346561

MM_B_ijk	1.56493	1.59109	1.53373	1.53027	1.55996	1.5704	1.55793	1.53215	1.55845	1.53482	1.59166	1.534	1.54953	1.54735	1.57914	1.54973

