Evaluation : N=206, type=float
MM_ijk	4.05271	3.67817	3.2712	3.21569	3.23701	3.19026	3.21819	3.17747	3.2103	3.21854	3.18168	3.24702	3.18305	3.20143	3.21811	3.183

MM_ikj	1.4683	1.43499	1.42956	1.44595	1.471	1.42792	1.44459	1.4609	1.44249	1.43816	1.42781	1.47444	1.42809	1.43825	1.45806	1.44539

MM_B_ijk	1.53529	1.54107	1.57629	1.5286	1.54149	1.57707	1.53785	1.5285	1.5694	1.5541	1.5285	1.5375	1.57853	1.52734	1.53879	1.56623

Evaluation : N=206, type=float
MM_ijk	4.07972	4.01496	3.9946	4.01666	3.97584	3.98991	3.99362	3.97802	3.95331	3.65049	3.28751	3.18646	3.23841	3.23387	3.19604	3.25067

MM_ikj	1.42887	1.4488	1.52058	1.43398	1.44094	1.50815	1.4565	1.43286	1.42818	1.51901	1.44631	1.4351	1.49546	1.4645	1.43218	1.43982

MM_B_ijk	1.63765	1.5719	1.54752	1.63774	1.5657	1.54504	1.6209	1.55829	1.53037	1.55294	1.66622	1.53192	1.54484	1.64892	1.55494	1.53427

Evaluation : N=206, type=float
MM_ijk	4.15763	3.65133	3.36948	3.31495	3.21184	3.21985	3.23234	3.19256	3.23143	3.21983	3.20275	3.25214	3.18195	3.22257	3.23799	3.18564

MM_ikj	1.50255	1.46372	1.43661	1.44514	1.51714	1.45899	1.43619	1.51289	1.44553	1.43506	1.433	1.51136	1.44521	1.43484	1.51636	1.4466

MM_B_ijk	1.53471	1.55537	1.65943	1.52909	1.54871	1.65624	1.54094	1.53759	1.66574	1.5441	1.53996	1.58591	1.62378	1.53041	1.54947	1.66288

