Evaluation : N=267, type=float
MM_ijk	4.02109	3.8571	3.36017	3.29407	3.30419	3.35192	3.31532	3.32473	3.29049	3.29891	3.30955	3.28904	3.32088	3.29498	3.31281	3.33261

MM_ikj	1.88087	1.84516	1.88438	1.89236	1.88985	1.87196	1.85058	1.89593	1.90474	1.89415	1.87243	1.84526	1.95472	1.91939	1.88652	1.86583

MM_B_ijk	1.56823	1.60413	1.58975	1.55991	1.59312	1.59134	1.55484	1.60471	1.59492	1.5408	1.59851	1.59478	1.54618	1.59359	1.58909	1.54203

Evaluation : N=267, type=float
MM_ijk	4.15706	4.12065	3.44229	3.31075	3.29518	3.2867	3.28197	3.29101	3.29627	3.27793	3.28776	3.29475	3.28663	3.29644	3.27914	3.29092

MM_ikj	1.84808	1.8498	1.85399	1.84395	1.84107	1.84261	1.85285	1.85187	1.8304	1.85181	1.85358	1.85201	1.94193	1.85966	1.88316	1.87971

MM_B_ijk	1.59294	1.55453	1.59598	1.60117	1.54914	1.5952	1.59414	1.53834	1.59917	1.5939	1.54787	1.5931	1.59969	1.55805	1.60411	1.60602

