Evaluation : N=91, type=float
MM_ijk	3.17322	3.00449	3.00582	3.06145	3.00507	3.0056	3.0062	3.12607	3.07832	3.20566	3.67673	3.19654	3.09532	3.17526	3.00561	3.06701

MM_ikj	2.10643	2.1054	2.10527	2.1053	2.14615	2.1167	2.11674	2.11664	2.11679	2.16786	2.16895	2.11675	2.11721	2.12462	2.11666	2.27984

MM_B_ijk	1.83419	1.96688	1.9165	2.91631	1.98885	1.94119	1.84811	1.86551	2.10951	1.95704	1.83683	1.89045	1.83453	1.83464	1.8344	1.83431

Evaluation : N=91, type=float
MM_ijk	4.52381	4.29862	4.19098	4.24078	3.31807	3.77683	3.23153	3.21025	3.26613	3.16663	3.75692	4.16262	3.1265	3.13525	3.77784	3.58645

MM_ikj	3.15127	2.95991	3.31335	3.15617	2.9402	2.54838	2.33324	2.35976	2.25361	2.23779	2.21299	2.53719	2.74153	2.5051	3.1498	2.23827

MM_B_ijk	1.96672	2.0453	1.9068	2.07598	1.90913	2.01165	2.06968	2.49124	3.67428	3.31611	3.49477	3.4613	3.29051	3.39471	3.44635	3.63012

Evaluation : N=91, type=float
MM_ijk	3.38575	3.33205	3.17684	3.28916	3.18849	3.12659	3.12872	3.30171	3.27781	3.19972	3.17427	3.12448	3.12609	3.23389	3.93332	3.59225

MM_ikj	2.37232	2.41051	2.25237	2.1909	2.37126	2.27172	2.24491	2.22781	2.28215	2.24636	2.19168	2.18951	2.18985	2.35212	2.33168	2.25217

MM_B_ijk	2.01676	1.90713	1.90671	1.96748	1.907	1.90742	2.08272	1.90786	3.12724	2.10409	2.42593	2.06032	1.96213	1.91397	1.99322	1.90695

