Evaluation : N=280, type=float
MM_ijk	4.58218	4.28318	3.66344	3.47022	3.45905	3.5756	3.68498	3.69578	3.42058	3.36294	3.37514	3.6033	3.37883	3.48953	3.23156	3.20891

MM_ikj	0.385876	0.348462	0.34361	0.345008	0.350885	0.376162	0.369797	0.347199	0.348494	0.359733	0.353537	0.382931	0.358665	0.345659	0.344192	0.346392

MM_B_ijk	1.60259	1.5987	1.66472	1.57098	1.61569	1.61078	1.6014	1.56602	1.5792	1.60612	1.605	1.59096	1.5553	1.59302	1.6104	1.6007

Evaluation : N=280, type=float
MM_ijk	3.62122	3.21565	3.20859	3.19785	3.20797	3.2084	3.19783	3.21345	3.19673	3.2129	3.19725	3.20694	3.19819	3.21072	3.20774	3.19988

MM_ikj	0.352014	0.352399	0.366077	0.361558	0.371238	0.394775	0.378527	0.377975	0.381056	0.36321	0.355051	0.362992	0.356947	0.371558	0.345355	0.345597

MM_B_ijk	1.55834	1.5448	1.56088	1.57702	1.55588	1.55163	1.55094	1.56397	1.56201	1.55267	1.5714	1.55276	1.56295	1.55279	1.54835	1.55582

