Evaluation : N=40, type=float
MM_ijk	3.96866	2.57398	2.57369	2.57737	2.57333	2.57753	2.57384	2.57688	2.57305	2.5767	2.57308	2.57661	2.57345	2.57645	2.57345	2.57688

MM_ikj	0.481703	0.476687	0.477031	0.474344	0.476266	0.475781	0.475016	0.477094	0.476438	0.47775	0.475313	0.475906	0.474453	0.475453	0.475875	0.477313

MM_B_ijk	1.90828	1.89605	1.89597	1.89858	1.89281	1.8948	1.8953	1.89613	1.89461	1.89663	1.89653	1.89409	1.89566	1.89398	1.89436	1.89689

Evaluation : N=40, type=float
MM_ijk	3.3153	2.6758	2.68056	2.67625	2.68003	2.67594	2.68034	2.6757	2.68	2.6763	2.68019	2.67617	2.67959	2.67647	2.67972	2.67578

MM_ikj	0.498594	0.495469	0.494531	0.495453	0.496703	0.495609	0.498	0.494828	0.493563	0.496141	0.493344	0.495203	0.494953	0.4945	0.497219	0.496016

MM_B_ijk	2.60011	1.97489	1.97195	1.97258	1.97009	1.97277	1.96961	1.97211	1.97044	1.97072	1.96975	1.97198	1.96942	1.9727	1.97372	1.969

Evaluation : N=40, type=float
MM_ijk	3.32048	2.67622	2.67963	2.6755	2.6788	2.6758	2.67941	2.67608	2.67981	2.67555	2.679	2.67619	2.68009	2.67602	2.67937	2.67659

MM_ikj	0.508469	0.497906	0.498188	0.496859	0.498219	0.497969	0.496578	0.499406	0.497063	0.497875	0.497391	0.494031	0.497812	0.498516	0.496328	0.498375

MM_B_ijk	1.98053	1.97533	1.96706	1.97242	1.96734	1.97267	2.11538	1.97233	1.96969	1.97252	2.45878	3.13278	1.97056	1.97197	1.97041	1.9718

