Evaluation : N=209, type=float
MM_ijk	3.84908	3.39561	3.23117	3.18293	3.20386	3.14256	3.19785	3.15234	3.17263	3.18441	3.14886	3.2145	3.1839	3.14959	3.16709	3.17715

MM_ikj	1.84726	1.86021	1.88008	1.83994	1.86285	1.86989	1.8425	1.884	1.84515	1.85279	1.87719	1.84205	1.86911	1.86465	1.84643	1.87247

MM_B_ijk	1.54974	1.54604	1.55003	1.53852	1.53784	1.55985	1.54	1.53646	1.53871	1.56253	1.54249	1.53587	1.56291	1.52599	1.54967	1.55235

Evaluation : N=209, type=float
MM_ijk	4.04615	3.98862	3.98328	3.99296	3.92061	3.96554	3.9614	3.82045	3.2645	3.20147	3.21254	3.1484	3.20489	3.19348	3.1519	3.18378

MM_ikj	1.85632	1.88644	1.84121	1.8532	1.88814	1.84819	1.87563	1.87949	1.85737	1.91861	1.87749	1.85358	1.90318	1.8696	1.86411	1.85207

MM_B_ijk	1.54654	1.55507	1.54362	1.54714	1.55023	1.54686	1.52456	1.55171	1.56863	1.52453	1.54654	1.56768	1.52793	1.54543	1.59421	1.52848

Evaluation : N=209, type=float
MM_ijk	3.82455	3.40643	3.24673	3.18045	3.15826	3.15734	3.18698	3.14437	3.17253	3.17371	3.14076	3.20694	3.17243	3.17178	3.20472	3.14781

MM_ikj	1.92752	1.84048	1.92632	1.86281	1.8536	1.93676	1.83963	1.91593	1.87961	1.85174	1.92102	1.85898	1.85946	1.92989	1.8444	1.92638

MM_B_ijk	1.56021	1.53252	1.6352	1.57537	1.5379	1.54552	1.64063	1.53623	1.53681	1.65014	1.52614	1.54491	1.65488	1.52646	1.54457	1.65057

