Evaluation : N=281, type=float
MM_ijk	5.63554	4.96471	4.65152	4.62212	4.08098	3.76918	3.403	3.31421	3.32794	3.33684	3.31238	3.32973	3.32691	3.30313	3.3151	3.30718

MM_ikj	1.83932	1.86702	2.23714	1.8403	1.84565	1.83854	1.83444	1.8392	1.83582	1.85422	1.83502	1.83829	1.83054	1.83715	1.83305	1.8345

MM_B_ijk	1.55336	1.55083	1.53455	1.54036	1.54183	1.54062	1.52988	1.54114	1.54126	1.53978	1.53306	1.54284	1.54713	1.54325	1.53286	2.00859

Evaluation : N=281, type=float
MM_ijk	4.15715	4.12158	4.05965	3.36528	3.41104	3.3507	3.29681	3.30963	3.31295	3.2949	3.32391	3.30608	3.30545	3.31936	3.3006	3.32501

MM_ikj	1.86746	1.86559	1.86904	1.86436	1.85941	1.86049	1.91187	1.87031	1.87069	1.86531	1.87173	1.86832	1.87172	1.86733	1.86495	1.86751

MM_B_ijk	1.53409	1.57772	1.6152	1.59065	1.57758	1.54338	1.57974	1.5894	1.58681	1.5431	1.58137	1.58613	1.58804	1.58778	1.53971	1.58581

