Evaluation : N=162, type=float
MM_ijk	3.74514	3.78586	3.68079	3.71267	3.77386	3.68486	3.69659	3.73466	3.76239	3.69381	3.6915	3.67854	3.84518	3.6843	3.68259	3.75674

MM_ikj	1.74412	1.72426	1.73029	1.59382	1.5047	1.55968	1.53592	1.47184	1.45891	1.47667	1.47201	1.4885	1.6145	1.49969	1.46447	1.45687

MM_B_ijk	1.52422	1.54576	1.5597	1.5915	1.55125	1.54136	1.52409	1.52133	1.55565	1.53369	1.58409	1.55381	1.5271	1.52345	1.54115	1.53464

Evaluation : N=162, type=float
MM_ijk	3.8712	3.67356	3.75635	3.73323	3.71495	3.80144	3.67847	3.78778	3.81011	3.67948	3.68334	3.76413	3.67815	3.69994	3.76669	3.68959

MM_ikj	1.73727	1.74986	1.67758	1.52314	1.51234	1.50544	1.47976	1.48211	1.47021	1.53243	1.46534	1.51942	1.53562	1.46633	1.46076	1.46545

MM_B_ijk	1.58703	1.55443	1.52134	1.52495	1.53532	1.54521	1.54161	1.59702	1.54841	1.52377	1.52148	1.5258	1.5486	1.54224	1.62183	1.5314

Evaluation : N=162, type=float
MM_ijk	3.90482	4.01108	4.18527	3.88121	3.94943	4.38206	4.45257	4.39683	4.48848	4.52485	4.56953	4.56791	4.65399	4.58579	4.64638	4.50019

MM_ikj	2.52333	2.65503	2.64866	2.67375	2.83942	2.77371	2.63551	2.60725	2.62799	2.64308	2.57838	2.60871	2.55744	2.70023	2.55589	2.72686

MM_B_ijk	3.38771	3.38126	3.49432	2.90253	2.78792	3.3921	3.49078	3.52129	3.49508	2.48581	1.80716	1.74136	2.32512	1.97041	1.90684	1.83831

