Evaluation : N=207, type=float
MM_ijk	4.07202	3.9337	3.96071	4.02972	3.98604	3.9554	3.92512	3.89096	3.35953	3.15852	3.50035	3.24414	3.16575	3.21384	3.24276	3.16976

MM_ikj	1.96076	1.84047	1.86964	1.95274	1.84333	1.9257	1.88447	1.86119	1.94008	1.85612	1.86255	1.96009	1.83847	1.92851	1.90281	1.85066

MM_B_ijk	1.6725	1.56268	1.55068	1.64486	1.5917	1.53492	1.5621	1.68997	1.53461	1.56031	1.68824	1.53798	1.55875	1.68057	1.56202	1.55039

Evaluation : N=207, type=float
MM_ijk	4.09163	3.93957	3.91806	3.99856	4.07345	4.06978	3.97792	3.67479	3.3577	3.21984	3.21217	3.24464	3.16804	3.2043	3.17815	3.18409

MM_ikj	1.94035	1.88116	1.85646	1.95452	1.87384	2.01413	1.88995	1.8867	2.04593	1.87468	1.86055	1.91675	1.88013	1.87517	1.88387	1.87172

MM_B_ijk	1.56515	1.56899	1.56711	1.56121	1.57488	1.56336	1.5511	1.58513	1.57276	1.56546	1.57289	1.56242	1.56972	1.56694	1.57197	1.56735

Evaluation : N=207, type=float
MM_ijk	4.56799	3.93462	3.91991	3.98095	3.9639	4.01961	3.9132	3.60319	3.59427	3.54459	3.28512	3.19567	3.41411	3.45325	3.44552	3.18386

MM_ikj	1.88453	1.85798	1.94679	1.85391	1.85694	1.94775	1.83865	1.90792	1.89726	1.84642	1.94944	1.85767	1.8531	1.94778	1.84526	1.85108

MM_B_ijk	1.68045	1.53634	1.55651	1.67772	1.54142	1.55404	1.6817	1.54691	1.56407	1.64248	1.55709	1.54504	1.65139	1.58237	1.53518	1.57547

