Evaluation : N=336, type=float
MM_ijk	4.15744	3.3417	3.31333	3.30853	3.31018	3.30791	3.30685	3.31049	3.31026	3.30815	3.29855	3.33601	3.30797	3.30459	3.30426	3.2973

MM_ikj	0.421112	0.410025	0.414332	0.420727	0.411104	0.415636	0.420901	0.410664	0.414681	0.42117	0.412531	0.413535	0.42017	0.4142	0.417302	0.4146

MM_B_ijk	1.54204	1.54252	1.55219	1.53924	1.5621	1.59774	1.56243	1.56519	1.59673	1.56455	1.56557	1.5992	1.56419	1.5737	1.59	1.56213

Evaluation : N=336, type=float
MM_ijk	3.87871	3.8099	3.43922	3.31606	3.401	3.32873	3.30501	3.29695	3.31151	3.30946	3.30187	3.30181	3.30247	3.30561	3.30229	3.29765

MM_ikj	0.418323	0.414863	0.416292	0.422233	0.422839	0.425312	0.417626	0.415721	0.420068	0.415575	0.414943	0.417319	0.410817	0.414919	0.420851	0.409057

MM_B_ijk	1.54486	1.54953	1.54566	1.54472	1.54975	1.53838	1.54403	1.545	1.54333	1.54216	1.56207	1.54884	1.54405	1.54333	1.54821	1.54

