Evaluation : N=153, type=float
MM_ijk	3.84521	3.5698	3.61288	3.63898	3.63943	3.58688	3.59838	3.70481	3.58046	3.61606	3.76233	3.64929	3.57029	3.61057	3.67074	3.60687

MM_ikj	2.22644	2.24776	2.27231	2.29176	2.22951	2.22486	2.26207	2.2478	2.10527	1.94877	1.93385	1.93736	1.86822	1.88923	1.90666	1.92673

MM_B_ijk	1.53098	1.53436	1.81374	1.52255	1.53158	1.53402	1.55726	1.64329	1.55561	1.52262	1.53406	1.52281	1.55358	1.52772	1.57346	1.56873

Evaluation : N=153, type=float
MM_ijk	3.6718	3.65083	3.61467	3.57359	3.62578	3.66746	3.5675	3.60584	3.62079	3.6102	3.67118	3.22588	3.17826	3.07874	2.99295	3.02565

MM_ikj	1.96868	1.89023	1.86456	1.87565	1.89497	1.868	1.86696	1.93944	1.88721	1.8678	1.86381	1.87092	1.9022	1.89057	1.93237	1.87462

MM_B_ijk	1.52953	1.52306	1.52754	1.54646	1.52761	1.59143	1.54272	1.52956	1.52495	1.52317	1.5516	1.52262	1.54517	1.73831	1.55591	1.53756

Evaluation : N=153, type=float
MM_ijk	3.80802	3.48843	3.42415	3.33701	3.25607	3.11654	3.17917	3.10283	3.06571	3.00338	3.29489	3.03325	3.00415	3.01687	3.06594	3.01513

MM_ikj	1.86719	1.90777	1.89407	1.86785	1.94429	1.89552	2.20909	1.86502	1.888	1.87098	1.93326	1.93552	1.87707	1.86837	1.86902	1.88746

MM_B_ijk	1.55513	1.59095	1.57011	1.53012	1.52325	1.63604	1.55058	1.80503	1.53502	1.56931	1.55989	1.53576	1.52565	1.52264	1.57971	1.52535

