Evaluation : N=241, type=float
MM_ijk	3.85928	3.34622	3.24826	3.2102	3.22001	3.22675	3.22219	3.23782	3.22981	3.23141	3.22708	3.22652	3.25001	3.23342	3.22387	3.23102

MM_ikj	1.85801	1.86496	1.83175	1.86803	1.83789	1.86719	1.86071	1.84258	1.86377	1.83791	1.86352	1.83988	1.86448	1.86822	1.8459	1.86618

MM_B_ijk	1.52948	1.57039	1.5281	1.5548	1.5349	1.55247	1.54066	1.55159	1.53937	1.53972	1.55633	1.53605	1.55762	1.53369	1.56165	1.67813

Evaluation : N=241, type=float
MM_ijk	4.09942	4.01453	3.95865	3.32256	3.23947	3.23554	3.25193	3.22829	3.23951	3.23797	3.23007	3.22976	3.2382	3.23969	3.2275	3.2353

MM_ikj	1.89363	1.89003	1.84729	1.90504	1.83984	1.89598	1.86039	1.88216	1.90981	1.83711	1.90609	1.83808	1.90078	1.89253	1.84996	1.91561

MM_B_ijk	1.53363	1.62398	1.537	1.63564	1.53307	1.62646	1.53074	1.62534	1.5332	1.6168	1.53912	1.61726	1.53867	1.76656	2.21273	1.61645

Evaluation : N=241, type=float
MM_ijk	3.94295	3.85785	3.91332	3.85127	3.87365	3.34148	3.22499	3.22599	3.2235	3.22999	3.22292	3.22606	3.23059	3.23206	3.26525	3.60916

MM_ikj	2.16722	1.98144	1.92861	1.91019	1.88515	1.97396	1.86711	1.8936	1.88903	1.84825	1.9049	1.83744	1.89827	1.93786	1.84378	1.90853

MM_B_ijk	1.53398	1.62464	1.52747	1.63514	1.52698	1.629	1.53416	1.62055	1.54088	1.61619	1.54649	1.61818	1.57508	1.61152	1.54546	1.6091

