Evaluation : N=80, type=float
MM_ijk	2.91208	2.72262	2.7228	2.79077	2.68418	2.68811	2.52823	2.52801	2.51199	2.44074	2.44448	2.4077	2.39805	2.28356	2.28394	2.28355

MM_ikj	0.365268	0.358248	0.359111	0.358352	0.358359	0.429391	0.370211	0.370201	0.370229	0.370604	0.370828	0.370848	0.370898	0.370711	0.370561	0.370631

MM_B_ijk	1.89837	1.62154	1.62229	1.62147	1.65737	1.58785	1.56722	1.65517	1.63238	1.63481	1.96207	2.01944	1.72586	1.73235	1.62508	1.63378

Evaluation : N=80, type=float
MM_ijk	3.47516	3.03692	3.08065	2.94941	2.94935	2.94852	3.14912	3.25778	2.99807	3.14326	3.17836	2.94982	3.09962	3.14929	3.35457	3.18538

MM_ikj	0.465814	0.466137	0.46716	0.466775	0.500908	0.490662	0.498867	0.502557	0.626146	0.507479	0.505484	0.506301	0.465648	0.500832	0.502742	0.533986

MM_B_ijk	2.39654	3.02928	2.20793	3.25445	2.56212	1.96013	1.95938	2.06039	2.1441	2.23012	1.95899	1.95909	1.95871	1.95896	1.9587	1.95947

Evaluation : N=80, type=float
MM_ijk	3.58922	3.38945	4.00096	3.07739	2.9525	2.83161	2.83139	2.83207	2.83176	2.83162	2.87569	2.83199	2.83228	2.83146	2.83202	2.83199

MM_ikj	0.451656	0.450156	0.450234	0.450045	0.512205	0.509496	0.465375	0.529564	0.450504	0.45023	0.450293	0.450195	0.450283	0.450355	0.45023	0.450943

MM_B_ijk	1.88348	1.88317	2.06104	1.89763	1.91113	1.8816	2.39112	3.23601	2.03079	2.07953	1.93216	1.88418	1.89796	1.8897	2.14154	2.1869

