Evaluation : N=205, type=float
MM_ijk	3.86942	3.80329	3.78277	3.82262	3.8755	3.74782	3.86148	3.7853	3.73154	3.34543	3.49902	3.80882	3.76711	3.66996	3.54336	3.47391

MM_ikj	2.41969	1.93419	2.03796	2.06563	2.06286	2.11974	1.93545	1.98233	1.85867	1.85135	1.93302	1.86919	1.85753	1.95319	1.84278	1.86079

MM_B_ijk	1.65943	1.53186	1.54893	1.64624	1.55883	1.53044	1.6608	1.55843	1.53423	1.55996	1.66565	1.5318	1.55174	1.64744	1.56131	1.53034

Evaluation : N=205, type=float
MM_ijk	4.11498	4.03482	3.96666	3.74796	3.69514	3.56637	3.4437	3.52089	3.53986	3.3206	3.50226	3.47026	3.32887	3.39353	3.55823	3.98903

MM_ikj	4.41076	4.13621	4.38945	4.95769	4.02487	4.30021	4.28793	4.24967	3.98705	4.13001	3.95766	3.26609	3.20182	4.05704	4.26645	4.30825

MM_B_ijk	2.58629	1.87185	2.08804	1.95186	1.79059	1.7347	1.87827	1.72396	1.72164	1.87453	1.73094	1.71185	1.86949	1.75866	1.7159	1.87078

Evaluation : N=205, type=float
MM_ijk	4.00601	3.97515	3.96294	3.96285	3.9084	3.97864	3.93786	3.81193	3.27867	3.18409	3.15468	3.17689	3.16595	3.13587	3.17602	3.14334

MM_ikj	1.88381	1.8395	1.86154	1.87316	1.84141	1.8879	1.85189	1.848	1.86961	1.86451	1.85836	1.88099	1.83966	1.85972	1.88257	1.83959

MM_B_ijk	1.55113	1.57513	1.52958	1.55142	1.5567	1.54262	1.52801	1.55434	1.56417	1.5324	1.55459	1.55166	1.55806	1.53077	1.67483	1.54563

