Evaluation : N=344, type=float
MM_ijk	4.18429	3.78037	3.32171	3.33407	3.32375	3.32568	3.32243	3.31071	3.30662	3.30543	3.36707	3.30806	3.30511	3.30132	3.30123	3.30201

MM_ikj	0.413897	0.419607	0.410477	0.419931	0.413308	0.413371	0.418938	0.410569	0.412872	0.418746	0.410467	0.420619	0.412568	0.412531	0.420927	0.410492

MM_B_ijk	1.54821	1.5522	1.54553	1.55517	1.54752	1.55674	1.557	1.54615	1.55983	1.54816	1.55424	1.55449	1.54689	1.55369	1.54651	1.54722

Evaluation : N=344, type=float
MM_ijk	4.11578	3.33252	3.31519	3.3165	3.31696	3.32178	3.31666	3.31465	3.31156	3.31711	3.31794	3.32082	3.31681	3.31777	3.32344	3.32748

MM_ikj	0.458102	0.455476	0.432557	0.443983	0.449833	0.413388	0.430331	0.418077	0.413196	0.432707	0.412876	0.415007	0.4359	0.4117	0.433518	0.412908

MM_B_ijk	1.56971	1.60666	1.56695	1.59329	1.57943	1.59393	1.57363	1.56969	1.59487	1.56683	1.59528	1.56808	1.58164	1.58342	1.58118	1.59235

