Evaluation : N=334, type=float
MM_ijk	3.67843	3.36997	3.37109	3.36989	3.36736	3.36979	3.37582	3.38374	3.365	3.36961	3.37096	3.4072	3.4025	3.37718	3.38067	3.3994

MM_ikj	1.40702	1.40719	1.40632	1.41362	1.40419	1.41228	1.41072	1.40365	1.4055	1.41516	1.4087	1.40449	1.40366	1.40818	1.40773	1.41437

MM_B_ijk	1.55047	1.54789	1.5488	1.55906	1.55488	1.55019	1.55828	1.55249	1.54668	1.68864	1.56563	1.56664	1.57656	1.59924	1.57089	1.57278

Evaluation : N=334, type=float
MM_ijk	4.27225	3.45167	3.39163	3.38879	3.39244	3.38896	3.3936	3.38167	3.39299	3.39418	3.38214	3.38142	3.38657	3.39154	3.38647	3.38716

MM_ikj	1.41762	1.4142	1.41691	1.42155	1.42307	1.43078	1.41886	1.41484	1.41366	1.41305	1.41666	1.43514	1.41753	1.41704	1.41651	1.41816

MM_B_ijk	1.59876	1.57387	1.56901	1.59775	1.76567	1.57802	1.59628	1.57406	1.56809	1.59607	1.57448	1.56699	1.57093	1.59351	1.56827	1.57465

