Evaluation : N=306, type=float
MM_ijk	3.71827	3.37687	3.36511	3.36214	3.35304	3.35227	3.35214	3.35441	3.362	3.3573	3.35937	3.35593	3.35375	3.3552	3.3657	3.44314

MM_ikj	1.41864	1.41662	1.40844	1.42885	1.41127	1.41852	1.41103	1.41026	1.40785	1.40278	1.40909	1.41149	1.40835	1.41365	1.41124	1.41032

MM_B_ijk	1.5443	1.54517	1.54505	1.54382	1.54427	1.54353	1.54191	1.54472	1.54515	1.54927	1.54344	1.54227	1.54297	1.54249	1.54864	1.5441

Evaluation : N=306, type=float
MM_ijk	4.26828	3.5957	3.37232	3.37627	3.37759	3.38387	3.37577	3.36815	3.36807	3.38104	3.37331	3.38326	3.37885	3.37128	3.36592	3.3656

MM_ikj	1.42959	1.42683	1.42814	1.43096	1.42113	1.41437	1.42319	1.4231	1.76025	2.47872	2.51594	2.12345	1.53675	1.52034	1.53766	1.52922

MM_B_ijk	1.68929	1.66117	1.63123	1.57466	1.57899	1.5759	1.66403	1.77955	1.6413	1.88872	1.64291	1.54775	1.5469	1.54491	1.5472	1.54641

