Evaluation : N=183, type=float
MM_ijk	3.66942	3.56503	3.25221	3.26049	3.08815	3.19289	3.15929	3.14265	3.12438	3.16729	3.1975	3.09736	3.19018	3.08829	3.14734	3.13446

MM_ikj	1.84843	1.86995	2.09127	1.84985	1.8707	1.94657	1.89718	1.84923	1.8556	1.96239	1.8817	1.84933	1.85866	1.9586	1.88418	1.84853

MM_B_ijk	1.54601	1.66628	1.56506	1.526	1.53739	1.54124	1.68079	1.54089	1.5293	1.52506	1.52459	1.68456	1.5519	1.52518	1.52427	1.56015

Evaluation : N=183, type=float
MM_ijk	3.79589	3.54151	3.31064	3.37139	3.16034	3.25935	3.13858	3.16207	3.12835	3.08989	3.20094	3.09746	3.21923	3.09085	3.16897	3.13913

MM_ikj	1.85925	1.87786	1.98043	1.85416	1.8482	1.96065	1.9183	1.85653	1.84959	1.97049	1.89392	1.84852	1.85765	1.97327	1.88758	1.84979

MM_B_ijk	1.54813	1.66187	1.63361	1.53539	1.52639	1.5408	1.70047	1.56396	1.52438	1.53366	1.55475	1.69206	1.54383	1.52536	1.54763	1.66196

Evaluation : N=183, type=float
MM_ijk	4.35363	4.45084	4.32921	4.30244	4.37874	4.37179	4.46925	4.76263	4.27257	3.56256	3.63291	3.8846	4.12089	3.78469	3.83946	3.50912

MM_ikj	2.13572	1.98926	2.0951	2.086	2.08459	2.06388	1.95553	2.21954	2.0785	1.95292	2.17747	2.09112	2.00747	2.05233	2.17779	2.05018

MM_B_ijk	1.73326	1.65351	1.74926	1.69765	1.73687	1.66285	1.76345	1.70339	1.73741	1.6253	1.76303	1.6685	1.80932	1.58423	1.86109	1.71757

