Evaluation : N=29, type=float
MM_ijk	3.69212	2.38394	2.38841	2.38882	2.39091	2.3823	2.38747	2.39059	2.38923	2.38288	2.38653	2.38833	2.39046	2.38579	2.38866	2.38788

MM_ikj	2.16524	2.15696	2.15568	2.15257	2.15634	2.15437	2.15322	2.15663	2.15318	2.15437	2.15609	2.15261	2.15577	2.15527	2.15269	2.1565

MM_B_ijk	1.91841	1.89204	1.89372	1.8863	1.8913	1.88966	1.89188	1.88811	1.89221	1.89134	1.89052	1.89274	1.88823	1.89052	1.89159	1.89044

Evaluation : N=29, type=float
MM_ijk	4.18143	2.58289	2.58592	2.59851	2.59174	2.64402	2.64541	2.63885	2.62737	2.67645	2.6703	2.60892	2.63607	2.71311	2.72151	2.69289

MM_ikj	2.5352	2.48485	2.52782	2.53422	2.40559	2.46472	2.40399	2.39243	2.49526	2.55623	2.45377	2.38075	2.41465	2.47616	2.38936	2.47349

MM_B_ijk	2.27517	2.29878	2.2037	2.35717	2.36808	2.08779	2.25372	2.2251	2.26717	2.26352	2.19378	2.11612	2.1627	2.24544	2.12165	2.0474

Evaluation : N=29, type=float
MM_ijk	3.69458	2.38398	2.38915	2.39026	2.38677	2.38284	2.38903	2.38579	2.38587	2.38784	2.38788	2.38521	2.38792	2.38419	2.38427	2.3862

MM_ikj	2.1643	2.15782	3.72619	2.18963	2.18808	2.19144	2.18853	2.18836	2.19127	2.18779	2.18951	2.19111	2.18746	2.19037	2.19045	2.18763

MM_B_ijk	1.9198	1.89815	1.88888	1.89118	1.88663	1.89286	1.88839	1.88954	1.89241	1.8902	1.89139	1.88729	1.89311	1.88901	1.89118	1.88864

