Evaluation : N=176, type=float
MM_ijk	3.52798	3.35562	3.14975	3.10771	3.06035	2.99272	3.02759	3.01413	2.99363	3.00979	2.96636	2.98168	3.03926	2.95196	3.02467	2.9836

MM_ikj	0.474958	0.474384	0.474323	0.454554	0.439447	0.440595	0.471371	0.440147	0.43945	0.463262	0.492734	0.495743	0.48405	0.482213	0.479242	0.473832

MM_B_ijk	1.51766	1.53376	1.51681	1.79542	1.53836	1.52792	1.51774	1.54886	1.53002	1.55158	1.5188	1.51591	1.51771	1.54051	1.57267	1.52211

Evaluation : N=176, type=float
MM_ijk	3.81086	3.77	3.70268	3.73678	3.68854	3.76557	3.803	3.7439	3.66829	3.4808	3.17271	2.98277	3.05664	2.97431	3.00094	3.01675

MM_ikj	0.477402	0.465623	0.464981	0.472437	0.467897	0.469297	0.464058	0.451289	0.46517	0.466772	0.480445	0.47323	0.493417	0.529202	0.52569	0.468897

MM_B_ijk	1.52043	1.51601	1.54183	1.51635	1.58225	1.54145	1.51421	1.51566	1.54089	1.58763	1.55069	1.52155	1.51616	1.5406	1.52983	1.58746

Evaluation : N=176, type=float
MM_ijk	7.69946	5.55237	4.51257	4.38994	4.72433	4.40586	4.08183	3.72003	3.49026	3.30026	3.29227	3.13058	3.05514	3.00146	3.01421	3.11109

MM_ikj	0.450146	0.434162	0.434194	0.446124	0.439534	0.466329	0.463008	0.439525	0.474304	0.471739	0.495958	0.469308	0.473099	0.47181	0.50307	0.473045

MM_B_ijk	1.54812	1.52057	1.53322	1.53486	1.52918	1.57419	1.5406	1.52935	1.53347	1.5137	1.56235	1.53294	1.51537	1.53286	1.5348	1.56121

