Evaluation : N=274, type=float
MM_ijk	4.22117	4.16164	4.1606	3.67434	3.35023	3.35014	3.3325	3.35611	3.33171	3.36029	3.3366	3.35292	3.33796	3.35202	3.33534	3.35285

MM_ikj	1.43804	1.41559	1.44735	1.42936	1.41764	1.44357	1.41239	1.43627	1.44087	1.40993	1.44164	1.80564	2.15888	1.4178	1.41578	1.42414

MM_B_ijk	1.5412	1.53834	1.54526	1.545	1.53879	1.54057	1.55114	1.5326	1.54515	1.66588	1.58888	1.53594	1.5954	1.60075	1.57384	1.58517

Evaluation : N=274, type=float
MM_ijk	4.21788	4.16764	4.12924	3.40268	3.36659	3.33804	3.35469	3.33287	3.36138	3.331	3.35441	3.33614	3.3512	3.33373	3.35017	3.33314

MM_ikj	1.44062	1.44784	1.41063	1.44032	1.4433	1.41107	1.44211	1.44254	1.408	1.4447	1.43809	1.48157	1.44995	1.44944	1.41072	1.44748

MM_B_ijk	1.5861	1.53812	1.5837	1.59576	1.53646	1.58182	1.58788	1.61233	1.53949	1.5858	1.5909	1.56293	1.55995	1.58732	1.58907	1.54318

