Evaluation : N=252, type=float
MM_ijk	3.76081	3.64343	3.67949	3.62961	3.61512	3.49137	3.16361	3.16377	3.15609	3.14728	3.15359	3.14141	3.1378	3.14391	3.14038	3.14969

MM_ikj	0.354667	0.346595	0.34371	0.347655	0.350769	0.344768	0.348228	0.35441	0.352634	0.351961	0.344055	0.343192	0.349195	0.348814	0.344336	0.356696

MM_B_ijk	1.5318	1.54792	1.53696	1.54945	1.5238	1.55457	1.53231	1.5533	1.52935	1.54615	1.54575	1.5329	1.55184	1.53574	1.54821	1.52461

Evaluation : N=252, type=float
MM_ijk	4.20255	3.92477	3.90233	4.20087	3.66797	3.15911	3.14696	3.16304	3.15717	3.1544	3.17801	3.15237	3.14963	3.15225	3.19025	3.16293

MM_ikj	0.344836	0.349953	0.39516	0.357347	0.349447	0.346448	0.349253	0.348397	0.34369	0.351569	0.394625	0.350079	0.35681	0.344584	0.34288	0.347417

MM_B_ijk	1.60448	1.52379	1.60238	1.5302	1.59817	1.58579	1.54097	1.59867	1.53729	1.60422	1.52872	1.59579	1.55857	1.59324	1.57917	1.5434

