Evaluation : N=70, type=float
MM_ijk	3.52607	3.29219	3.27678	3.29135	3.37431	3.22424	3.15036	3.16455	3.15089	3.23945	3.05622	3.03944	3.05037	3.1349	3.03844	3.05683

MM_ikj	1.88007	1.87834	1.87851	1.85682	1.85146	1.85169	1.85155	1.85148	1.85169	1.98109	2.24315	1.87827	1.87803	1.8783	1.87802	1.87829

MM_B_ijk	1.75664	1.75347	1.77743	1.75299	1.80311	1.7648	1.78335	1.93068	1.7765	2.05244	1.77443	1.82159	1.77285	1.75412	1.77722	1.75948

Evaluation : N=70, type=float
MM_ijk	3.303	3.07403	3.06973	3.1819	3.07163	3.06459	3.06395	3.07203	3.06371	3.06456	3.06442	3.07194	3.254	3.1782	3.08021	3.08008

MM_ikj	2.03073	2.02855	2.02855	2.04334	2.0284	2.02839	2.0284	2.09151	2.02841	2.02843	2.02843	2.02842	2.27266	1.99964	1.99964	1.99966

MM_B_ijk	1.89633	2.1091	1.90097	1.91273	2.07133	1.97727	2.17797	1.95982	1.92372	1.89412	1.92098	1.90462	1.94878	2.05125	2.10668	2.04774

Evaluation : N=70, type=float
MM_ijk	3.57057	3.05236	3.05332	3.05108	3.07462	2.96324	2.96319	3.0963	2.95509	2.95428	2.95344	2.95276	2.9517	2.83825	2.83847	2.83735

MM_ikj	1.88029	1.93385	1.87842	1.87802	1.8783	1.87801	1.941	1.81121	1.81125	1.81137	1.81137	1.81123	1.81118	1.81115	1.81122	1.92538

MM_B_ijk	1.83094	1.68982	1.68977	2.11336	1.75171	1.75214	1.75168	1.75241	1.86379	1.7112	1.6889	1.69008	1.69027	1.6891	1.77493	1.72859

