Evaluation : N=223, type=float
MM_ijk	4.09828	3.99958	4.01436	3.81319	3.27236	3.20004	3.21491	3.23762	3.24702	3.20073	3.2049	3.21426	3.21773	3.21211	3.19542	3.20856

MM_ikj	1.91278	1.84199	1.89809	1.85364	1.90823	1.84278	1.84954	1.90156	1.83704	1.91244	1.85357	1.91778	1.833	1.91234	1.83492	1.89593

MM_B_ijk	1.55758	1.54702	1.63281	1.54053	1.62683	1.54704	1.54581	1.63599	1.54101	1.56125	1.61668	1.54015	1.63163	1.5429	1.54164	1.63825

Evaluation : N=223, type=float
MM_ijk	3.98995	3.51285	3.28119	3.23975	3.21845	3.19294	3.22386	3.23611	3.36943	3.28124	3.22619	3.48743	3.39866	3.23933	3.19628	3.18978

MM_ikj	1.87234	1.83985	1.87573	1.83923	1.8784	1.83439	1.8705	1.8468	1.85195	1.86477	1.84727	1.88137	1.84757	1.87113	1.84123	1.88474

MM_B_ijk	1.53757	1.56238	1.57408	1.5767	1.58874	1.55799	1.55764	1.5706	1.5373	1.57465	1.55371	1.55104	1.57295	1.53556	1.55316	1.57159

Evaluation : N=223, type=float
MM_ijk	3.88565	3.40901	3.2125	3.2227	3.22727	3.23013	3.22825	3.18815	3.21724	3.23335	3.22401	3.20958	3.18446	3.21524	3.22415	3.21625

MM_ikj	1.92243	1.92217	1.83384	1.91252	1.85228	1.91785	1.85481	1.88035	1.88343	1.84595	1.91251	1.8455	1.91497	1.84732	1.9142	1.84876

MM_B_ijk	1.63272	1.55704	1.55016	1.64536	1.55074	1.62256	1.56522	1.54997	1.63836	1.54175	1.55892	1.63758	1.56122	1.64014	1.54604	1.55134

