Evaluation : N=349, type=float
MM_ijk	4.14321	3.37183	3.35924	3.35668	3.35978	3.36326	3.36165	3.36504	3.35784	3.35962	3.38406	3.36228	3.36588	3.37887	3.37502	3.37408

MM_ikj	1.98736	1.85161	1.83172	1.83328	1.83158	1.834	1.83102	1.84307	1.83223	1.82888	1.84142	1.83087	1.83327	1.82275	1.83499	1.83503

MM_B_ijk	1.54751	1.54896	1.54168	1.54967	1.54417	1.55058	1.54362	1.54523	1.54923	1.54757	1.55029	1.54373	1.55039	1.54039	1.55515	1.54199

Evaluation : N=349, type=float
MM_ijk	4.25138	3.80384	3.3578	3.35951	3.3627	3.36016	3.35294	3.3547	3.35288	3.35648	3.36773	3.36447	3.35642	3.354	3.35278	3.3567

MM_ikj	1.8527	1.85266	1.84751	1.83673	1.85203	1.85626	1.84971	1.83696	1.85387	1.8576	1.8363	1.84758	1.84975	1.85533	1.83564	1.85101

MM_B_ijk	1.59652	1.70135	1.55215	1.54399	1.54676	1.54473	1.55043	1.54174	1.54533	1.56408	1.74157	1.5848	1.69174	1.54306	1.54951	1.54268

