Evaluation : N=194, type=float
MM_ijk	4.01693	3.95565	3.91441	3.94242	4.14296	3.91905	3.96139	3.95769	3.71917	3.3277	3.15772	3.18815	3.18335	3.17537	3.15903	3.1947

MM_ikj	1.43536	1.45319	1.47181	1.45162	1.44659	1.45316	1.47135	1.45391	1.43776	1.43465	1.45666	1.4746	1.43581	1.43435	1.45462	1.48089

MM_B_ijk	1.52512	1.52323	1.54165	1.58519	2.05835	1.53497	1.67207	1.55113	1.52895	1.54321	1.68084	1.54906	1.54335	1.56354	1.71756	1.54904

Evaluation : N=194, type=float
MM_ijk	3.91088	3.77996	3.81905	3.76492	3.83457	3.65579	3.22834	3.21392	3.13955	3.2083	3.15174	3.18935	3.15779	3.19477	3.15299	3.19609

MM_ikj	1.43571	1.44821	1.46944	1.45563	1.43486	1.43461	1.45441	1.49011	1.43635	1.43467	1.44623	1.52786	1.44623	1.43619	1.44844	1.48201

MM_B_ijk	1.53671	1.53321	1.53512	1.58031	1.53731	1.52467	1.53498	1.58669	1.53823	1.52461	1.53837	1.57749	1.5395	1.5274	1.53758	1.58306

Evaluation : N=194, type=float
MM_ijk	4.09515	4.01639	4.01454	3.9212	4.03513	3.78961	3.29284	3.20699	3.17627	3.22808	3.16234	3.23902	3.14783	3.2386	3.14298	3.2431

MM_ikj	1.43838	1.43964	1.46083	1.54408	1.43801	1.4388	1.44429	1.52318	1.47383	1.43592	1.45341	1.53064	1.45027	1.4398	1.45419	1.51534

MM_B_ijk	1.5688	1.63846	1.56907	1.64879	1.56811	1.55117	1.53753	1.66074	1.56194	1.52387	1.55027	1.66547	1.56375	1.52504	1.54599	1.66678

