Evaluation : N=90, type=float
MM_ijk	3.47552	3.25347	3.25371	3.29142	3.25312	3.25309	3.253	3.39669	3.25267	3.25465	3.27188	3.49238	3.29636	3.30035	3.49115	3.25371

MM_ikj	1.59568	1.59479	1.5949	1.59488	1.5948	1.64087	1.5949	1.59481	1.59484	1.64518	1.59495	1.59481	1.59489	1.62562	1.59488	1.59475

MM_B_ijk	1.8273	1.82645	1.82694	1.94536	1.89575	1.82655	1.82709	1.82873	1.82689	1.89521	2.03913	2.09639	1.8587	1.83451	1.85574	1.92731

Evaluation : N=90, type=float
MM_ijk	4.03269	3.78125	3.33432	3.11599	3.13807	3.26234	3.18466	3.08451	3.02105	3.04585	2.95825	2.92067	2.92375	3.25242	3.25433	3.26855

MM_ikj	1.65383	1.69026	1.82127	1.80156	1.65864	1.65864	1.65867	1.65867	1.65864	1.65863	1.6933	1.65967	1.65868	1.65864	1.65864	1.65864

MM_B_ijk	1.90125	1.99065	1.89981	1.90001	1.9004	1.89972	1.90017	2.01882	1.99711	1.89981	1.90009	1.90009	1.90038	1.95842	2.03893	2.14096

Evaluation : N=90, type=float
MM_ijk	3.55436	3.3837	3.35343	3.40741	3.38035	3.38539	3.48336	3.38344	3.4931	3.484	4.02073	3.62155	3.4044	3.67885	3.49675	3.38498

MM_ikj	1.65971	1.65862	1.7101	1.65864	1.65865	1.65864	1.65864	1.65867	1.65867	1.74903	1.65863	1.65866	1.65866	1.65863	1.65864	1.65864

MM_B_ijk	1.90178	2.18857	1.90014	1.90028	1.89973	2.04829	1.90021	2.54641	2.53415	2.05948	1.92777	1.90927	1.94463	2.02715	2.00768	1.8995

