Evaluation : N=148, type=float
MM_ijk	3.28489	3.1825	3.14665	3.00642	2.9902	2.84831	2.98571	2.89314	2.78095	2.77934	2.80766	2.97675	2.8211	2.78048	2.99954	2.7943

MM_ikj	0.34849	0.420831	0.460651	0.379009	0.357309	0.369123	0.351274	0.362692	0.370308	0.349921	0.347834	0.347846	0.347846	0.356332	0.348459	0.347912

MM_B_ijk	1.5251	1.52821	1.525	1.57281	1.60428	1.78803	1.65065	1.53397	1.53548	1.5249	1.53401	1.54121	1.55353	1.56418	1.79394	1.5877

Evaluation : N=148, type=float
MM_ijk	3.58996	3.49754	3.54628	3.44723	3.45887	3.53442	3.58011	3.44699	3.49048	3.49559	3.51184	3.60568	3.47465	3.49866	3.23036	2.97253

MM_ikj	0.37174	0.37155	0.371921	0.382336	0.383935	0.37192	0.371869	0.36532	0.349538	0.347905	0.347907	0.379981	0.37579	0.368178	0.346575	0.347516

MM_B_ijk	1.5515	1.5671	1.59701	1.52484	1.52808	1.52491	1.56687	1.55999	1.52474	1.57529	1.56148	1.56051	1.52485	1.88124	1.86752	1.54116

Evaluation : N=148, type=float
MM_ijk	3.71221	3.5619	3.44895	3.49983	3.64464	3.54132	3.45185	3.48006	3.6538	3.49824	3.46165	3.54927	3.50578	3.47537	3.44888	3.49818

MM_ikj	0.431774	0.431202	0.43439	0.432056	0.440104	0.44027	0.478368	0.466555	0.435352	0.436541	0.452812	0.497225	0.431724	0.431349	0.431369	0.431384

MM_B_ijk	1.90326	1.89487	1.89117	1.95749	1.91681	1.98417	1.90889	1.90118	1.90535	1.63133	1.65718	1.6614	1.68814	1.80741	1.5257	1.53195

