Evaluation : N=239, type=float
MM_ijk	4.15188	4.05073	4.01863	4.02192	4.01971	3.57525	3.31965	3.25709	3.25155	3.2551	3.25595	3.25118	3.25504	3.25003	3.25293	3.26185

MM_ikj	1.9064	1.84587	1.89405	1.89994	1.85936	1.90504	1.83719	1.90942	1.84674	1.90155	1.896	1.86809	1.91099	1.842	1.9065	1.84649

MM_B_ijk	1.62068	1.54874	1.63028	1.55023	1.6273	1.55944	1.62986	1.54413	1.63061	1.53968	1.66477	1.65743	1.61271	1.55996	1.91395	1.62278

Evaluation : N=239, type=float
MM_ijk	4.10337	4.06431	4.03698	4.01806	3.98949	3.37646	3.24331	3.23575	3.25295	3.23587	3.24841	3.23598	3.23931	3.2535	3.23675	3.24412

MM_ikj	1.90766	1.83537	1.90044	1.84382	1.894	1.88754	1.84794	1.9045	1.84663	1.90055	1.84071	1.89432	1.87756	1.85836	1.90171	1.8368

MM_B_ijk	1.64404	1.53692	1.63148	1.55029	1.62531	1.55049	1.62272	1.55949	1.62408	1.55979	1.61078	1.5641	1.55412	1.62591	1.59265	1.62713

Evaluation : N=239, type=float
MM_ijk	3.74127	3.60673	3.61005	3.59401	3.59031	3.5842	3.4214	3.23603	3.23878	3.23876	3.239	3.23954	3.23776	3.24143	3.24238	3.23575

MM_ikj	1.82835	1.92962	1.83932	1.8989	1.88409	1.85589	1.89981	1.84985	1.90285	1.84143	1.8644	1.83904	1.89269	1.88353	1.84898	1.90371

MM_B_ijk	1.53566	1.63955	1.54165	1.6136	1.55332	1.6252	1.54607	1.62591	1.56376	1.6125	1.55885	1.5735	1.59633	1.55466	1.61761	1.5463

