Evaluation : N=105, type=float
MM_ijk	3.41969	3.27991	3.3033	3.28022	3.30087	3.32279	3.76114	3.3823	3.42593	3.39743	3.27983	3.29913	3.27941	3.29876	3.28004	3.35347

MM_ikj	2.3617	2.33635	2.3145	2.53355	2.3265	2.34887	2.35196	2.2834	2.28241	2.28232	2.30021	2.2824	2.28236	2.29898	2.28263	2.28242

MM_B_ijk	1.90183	1.84412	1.82337	1.823	1.86674	1.94929	1.94858	1.87223	1.90725	1.85231	1.82293	1.82321	1.97476	2.26648	2.1642	1.71104

Evaluation : N=105, type=float
MM_ijk	3.65641	3.41051	3.27929	3.30865	3.31029	3.32752	3.27943	3.37337	3.27913	3.45347	3.41389	3.35343	3.46782	3.40549	3.30945	3.28006

MM_ikj	2.28322	2.30118	2.28261	2.2823	2.32625	2.28352	2.39678	2.30802	2.30716	2.30999	2.35307	2.4452	2.46579	2.33028	2.35006	2.28261

MM_B_ijk	1.82374	1.8235	1.90559	1.82317	1.8231	1.8232	1.82295	1.84097	1.82344	1.90512	1.82299	1.89807	1.82293	1.87596	1.95229	1.99624

Evaluation : N=105, type=float
MM_ijk	3.62051	3.62734	3.54892	3.57169	3.53966	3.42986	3.69252	3.53123	3.53551	3.83763	3.50383	3.67171	3.59824	3.51456	3.54133	3.41131

MM_ikj	2.49615	2.47077	2.4648	2.48434	2.4481	2.39072	2.56896	2.52972	2.56905	2.38526	2.47704	2.44769	2.37367	2.39932	2.4531	2.97394

MM_B_ijk	3.24615	3.53573	1.89541	1.93553	2.097	2.38234	2.09763	2.07595	2.03255	2.18835	1.93114	1.89576	1.89571	1.89583	2.25868	2.04661

