Evaluation : N=171, type=float
MM_ijk	3.6906	3.59703	3.53044	3.53513	3.56978	3.52388	3.5629	3.58554	3.54914	3.61288	3.50954	3.61126	3.53627	3.55175	3.58804	3.54067

MM_ikj	2.14937	2.2118	2.13582	2.1563	1.97457	2.13387	1.89521	1.85698	1.91052	1.86594	2.13059	1.86067	1.86718	1.89003	1.97691	1.93714

MM_B_ijk	1.53413	1.52915	1.55782	1.56667	1.70951	1.58421	1.52626	1.54912	1.54149	1.57656	1.69675	1.56294	1.53443	1.56491	1.57015	1.5606

Evaluation : N=171, type=float
MM_ijk	3.62096	3.69193	3.50902	3.64912	3.53599	3.53361	3.66309	3.60984	3.60655	3.57692	3.53342	3.65209	3.50839	3.63385	3.55505	3.15232

MM_ikj	1.98862	1.92139	1.86021	1.85539	1.88351	2.02163	1.88565	1.85626	1.88132	1.86747	2.01123	1.89234	1.8556	1.88465	1.92867	1.98023

MM_B_ijk	1.52969	1.52898	1.53643	1.54493	1.73466	1.5571	1.53282	1.52506	1.5386	1.5465	1.71834	1.5913	1.51972	1.53662	1.56635	1.68865

Evaluation : N=171, type=float
MM_ijk	4.18387	3.8354	3.93206	3.89363	3.88912	3.81021	3.99994	3.87584	3.81742	3.96258	3.80199	3.93105	3.83407	4.16677	4.28184	3.61539

MM_ikj	2.21849	2.30236	1.97073	1.97248	2.01392	1.99604	1.96714	1.95882	1.8581	2.00547	1.94256	1.9044	1.8599	1.85913	1.91236	1.85985

MM_B_ijk	1.52491	1.5494	1.54731	1.56743	1.5602	1.59978	1.54023	1.54221	1.52775	1.58145	1.57186	1.53067	1.52437	1.56116	1.53143	1.58822

