Evaluation : N=213, type=float
MM_ijk	4.03809	3.96632	3.96051	3.99404	3.35258	3.17819	3.20292	3.19281	3.16822	3.21427	3.20253	3.15839	3.19581	3.21019	3.15205	3.19751

MM_ikj	1.85766	1.91599	1.84455	1.91832	1.83951	1.87422	1.92291	1.8405	1.93401	1.83453	1.90126	1.87293	1.85368	1.92377	1.84695	1.90221

MM_B_ijk	1.5484	1.52488	1.61676	1.54683	1.52763	1.61924	1.54131	1.52986	1.61	1.5483	1.52713	1.61852	1.54557	1.527	1.62693	1.53954

Evaluation : N=213, type=float
MM_ijk	3.85654	3.66515	3.63375	3.70193	3.64909	3.70508	3.66053	3.65511	3.6176	3.21914	3.18941	3.1717	3.20325	3.18661	3.17381	3.19856

MM_ikj	1.85706	1.88245	1.8383	1.88193	1.86291	1.85977	1.88449	1.83807	1.88808	1.85777	1.85489	1.88258	1.84626	1.86531	1.87028	1.85733

MM_B_ijk	1.56656	1.52117	1.54178	1.56449	1.52239	1.54141	1.56924	1.5222	1.54122	1.55398	1.53302	1.54146	1.55285	1.53401	1.54216	1.55001

Evaluation : N=213, type=float
MM_ijk	4.00595	3.96224	3.93511	3.97022	3.94356	4.00233	3.95026	3.52662	3.2238	3.18334	3.15411	3.17521	3.18178	3.16381	3.17573	3.17856

MM_ikj	1.84598	1.86961	1.85413	1.85834	1.88873	1.84616	1.88031	1.84893	1.8565	1.87759	1.84914	1.87338	1.8478	1.8539	1.8729	1.85479

MM_B_ijk	1.54824	1.53321	1.5324	1.60447	1.53447	1.53041	1.54775	1.54354	1.54191	1.54571	1.54303	1.5358	1.54686	1.55935	1.53241	1.53701

