Evaluation : N=310, type=float
MM_ijk	4.22124	4.18345	3.83524	3.36158	3.34686	3.35184	3.35877	3.36179	3.58947	3.73777	3.56143	3.36662	3.37112	3.38705	3.37749	3.36047

MM_ikj	1.42457	1.4224	1.42438	1.42381	1.4247	1.42172	1.42554	1.4222	1.41886	1.42778	1.41761	1.41263	1.42262	1.42427	1.42365	1.42252

MM_B_ijk	1.56857	1.57796	1.57629	1.56943	1.57027	1.57455	1.61013	1.58585	1.57061	1.57167	1.56984	1.57138	1.57373	1.57092	1.57762	1.56972

Evaluation : N=310, type=float
MM_ijk	4.07176	3.53695	3.35902	3.35942	3.36261	3.35763	3.36056	3.36153	3.35797	3.36545	3.36677	3.3878	3.66806	3.37099	3.39096	3.37716

MM_ikj	1.42576	1.42359	1.42666	1.43594	1.42843	1.42753	1.42887	1.42496	1.42714	1.43288	1.41956	1.4321	1.42374	1.40769	1.4276	1.42511

MM_B_ijk	1.57603	1.58596	1.57301	1.60534	1.57928	1.57126	1.57477	1.57899	1.57703	1.57367	1.57768	1.57701	1.57129	1.57085	1.5729	1.57144

