Evaluation : N=61, type=float
MM_ijk	3.02915	2.72454	2.72488	2.72217	2.72348	2.72421	2.88466	2.72678	2.72047	2.72198	2.72209	2.72448	2.71946	2.7221	2.72148	2.72369

MM_ikj	2.13319	2.13173	2.13142	2.13159	2.13148	2.21221	2.13157	2.1315	2.13129	2.13168	2.41866	2.54203	2.13128	2.13152	2.13156	2.13126

MM_B_ijk	2.10513	1.87035	1.87901	2.00426	1.88339	1.91848	2.00755	2.18094	2.36536	1.88291	1.86362	1.85641	1.85066	2.26684	1.86982	1.89423

Evaluation : N=61, type=float
MM_ijk	3.14508	2.83058	3.75278	2.83373	3.04107	2.83107	2.82881	2.82915	2.83081	2.83102	2.82872	2.82954	2.83033	2.83216	2.82868	3.04115

MM_ikj	2.42457	3.06364	2.88765	2.67748	2.22806	2.23116	2.21624	2.21865	2.79549	2.93955	2.23325	2.23602	2.24764	2.29086	2.69927	2.97501

MM_B_ijk	1.93098	1.93625	1.92639	1.93022	1.95202	2.24227	1.92768	1.92514	1.92452	1.92495	1.92609	1.92688	2.10712	2.30711	1.92431	1.92616

Evaluation : N=61, type=float
MM_ijk	3.29623	3.35213	2.97576	2.72117	2.7224	2.72128	2.72116	2.72097	2.7224	2.72127	2.72131	2.72126	2.72239	2.72169	2.72128	2.72113

MM_ikj	2.25969	2.11493	2.11439	2.11478	2.11438	2.11486	2.11438	2.11471	2.11453	2.11453	2.11469	2.1144	2.11478	2.11433	2.11478	2.11438

MM_B_ijk	1.85302	1.85072	1.85131	2.05244	2.08002	1.84973	1.85011	1.84837	1.84898	1.84991	1.85005	1.851	1.84948	1.85012	1.84921	1.84972

