Evaluation : N=173, type=float
MM_ijk	3.90979	3.68491	3.6758	3.81456	3.6599	3.77742	3.70193	3.24782	3.15945	3.0556	3.15909	3.10081	3.20175	3.35943	3.06579	3.07801

MM_ikj	2.02898	1.88151	1.85502	1.87255	1.96548	1.98403	1.86352	1.85605	1.88505	2.00002	1.87725	1.85313	1.86052	1.89587	2.0034	1.85879

MM_B_ijk	1.534	1.55659	1.54626	1.70766	1.59349	1.53252	1.53119	1.54629	1.72944	1.56437	1.53565	1.52881	1.53103	1.5632	1.72373	1.54869

Evaluation : N=173, type=float
MM_ijk	3.92764	3.82138	3.82947	3.87336	3.81016	3.85227	3.85093	3.86219	3.78721	3.86167	3.83281	3.81881	3.85039	3.81176	3.79521	3.26413

MM_ikj	1.95209	1.90145	1.87196	1.85375	1.89108	1.87141	1.88664	1.89318	1.85438	1.8909	1.85709	1.91332	1.85515	1.86812	1.87586	1.89868

MM_B_ijk	1.55976	1.53059	1.55696	1.53034	1.5415	1.56245	1.57016	1.53124	1.54059	1.54641	1.53739	1.56755	1.52864	1.52492	1.54634	1.54437

Evaluation : N=173, type=float
MM_ijk	3.88973	3.84944	3.82508	3.81069	3.97267	4.10396	4.26582	3.88498	3.99148	3.86461	3.93218	3.86844	3.64683	3.29482	3.11035	3.12566

MM_ikj	1.93936	1.85458	1.86529	1.92229	1.97648	1.85604	1.8769	1.87291	1.98824	1.89088	1.85782	1.88104	1.86525	1.98782	1.88495	1.85455

MM_B_ijk	1.54247	1.56378	1.72383	1.5488	1.77935	1.65947	1.97543	1.9704	2.11055	1.61475	1.60688	1.64429	1.79788	1.60184	1.55702	1.60305

