Evaluation : N=129, type=float
MM_ijk	3.64532	3.46091	3.45633	3.66495	3.67114	3.46582	3.46614	3.47133	3.53	3.4949	3.66057	3.46767	3.47244	3.45951	3.4963	3.47727

MM_ikj	2.68952	2.68527	2.3092	2.25894	2.24662	2.25974	2.28596	2.25235	2.31558	2.36614	2.27651	2.24677	2.25487	2.24669	2.35141	2.2896

MM_B_ijk	1.83118	1.8193	1.94199	1.85975	1.82595	1.94132	1.81626	1.82906	1.81596	1.82443	1.81611	1.86885	1.81671	1.85542	1.86668	1.90266

Evaluation : N=129, type=float
MM_ijk	3.75587	3.42754	3.51107	3.42215	3.20208	3.2103	3.27098	3.1319	3.11788	3.1782	3.21877	2.99534	2.95531	2.9127	2.95966	2.91867

MM_ikj	1.97405	1.91434	1.90825	1.88418	1.91013	1.91187	1.99981	1.88504	1.91709	1.88486	1.9226	1.93533	1.91645	1.902	1.88415	1.89296

MM_B_ijk	1.52401	1.541	1.58631	1.52665	1.56544	1.52322	1.5312	1.64811	1.63249	1.60148	1.52379	1.52338	1.53302	1.52318	1.52333	1.62829

Evaluation : N=129, type=float
MM_ijk	3.7182	3.52507	3.37102	3.4151	3.74061	4.21209	4.05216	4.34172	4.16808	4.11064	4.22228	3.85017	3.86272	3.94403	3.80994	4.05948

MM_ikj	4.09405	2.20965	2.06503	2.04878	2.03203	1.94726	1.95671	2.00872	2.01172	1.9884	1.89775	1.88447	1.88834	1.96782	1.9219	1.92718

MM_B_ijk	1.52903	1.52956	1.53577	1.61042	1.54469	1.6343	1.53524	1.5232	1.52339	1.5272	1.52329	1.52327	1.53136	1.56277	1.56657	1.52997

