Evaluation : N=109, type=float
MM_ijk	3.52694	3.37991	3.31906	3.33147	3.32317	3.76624	3.41643	3.54577	3.31463	3.3294	3.32062	3.3301	3.31342	3.37844	3.31474	3.6825

MM_ikj	2.36786	2.38192	2.36265	2.27634	2.33533	2.29783	2.27535	2.27515	2.33277	2.27528	2.27989	2.35775	2.27517	2.31915	2.74993	2.38494

MM_B_ijk	1.84535	2.01964	2.01433	1.95604	1.97918	1.89789	1.8871	1.82775	1.82763	1.91225	1.82689	1.83383	1.84411	1.82671	1.8264	1.89772

Evaluation : N=109, type=float
MM_ijk	3.62899	3.77432	3.63817	3.62881	3.49139	3.44695	3.46763	3.44702	3.52176	3.44885	3.50454	3.56648	3.6917	3.60848	3.46705	3.46956

MM_ikj	2.36697	2.36647	2.38704	2.36717	2.56819	2.63686	2.36623	2.85424	2.61345	2.45197	2.40256	2.40075	2.3679	2.36771	2.38782	2.3677

MM_B_ijk	1.90007	2.06937	2.55511	1.90031	1.95705	1.97474	1.95126	2.05733	1.9198	2.00547	1.9553	1.94186	1.90045	1.96661	1.89986	1.91567

Evaluation : N=109, type=float
MM_ijk	3.60834	3.31426	3.21005	3.26648	3.62408	3.36592	3.24125	3.28744	3.19151	3.22498	3.19176	3.20672	3.25887	3.29691	3.72994	3.41423

MM_ikj	2.29669	2.39497	2.29228	2.19094	2.31253	2.21319	2.19103	2.19079	2.32173	2.25861	2.26601	2.34061	2.20069	2.69025	2.40137	2.5182

MM_B_ijk	1.9278	1.78928	2.00915	1.76031	2.09102	2.25622	2.08113	1.7591	1.99037	1.75869	2.01397	1.7603	1.77581	1.76597	1.88498	2.16965

