Evaluation : N=341, type=float
MM_ijk	4.20433	3.90365	3.34998	3.34272	3.33936	3.34179	3.35989	3.34862	3.33566	3.34164	3.37935	3.35686	3.34075	3.34288	3.35139	3.34088

MM_ikj	1.83001	1.82378	1.8342	1.82228	1.83218	1.82881	1.82471	1.83189	1.8218	1.83109	1.83485	1.82671	1.83552	1.82181	1.83025	1.83276

MM_B_ijk	1.53608	1.53905	1.5459	1.53736	1.56076	1.55096	1.53514	1.54036	1.54523	1.54077	1.55008	1.54081	1.54091	1.54543	1.54094	1.53368

Evaluation : N=341, type=float
MM_ijk	4.22676	3.86898	3.35395	3.35069	3.35513	3.35036	3.34349	3.35632	3.35363	3.35873	3.4044	3.35308	3.35439	3.35887	3.35137	3.35965

MM_ikj	1.86529	1.83841	1.86193	1.85634	1.8439	1.86072	1.84211	1.85738	1.86186	1.83836	1.85994	1.86021	1.83816	1.86103	1.84407	1.85574

MM_B_ijk	1.58798	1.56974	1.56486	1.59111	1.56502	1.56631	1.58637	1.55963	1.58861	1.56864	1.56368	1.59053	1.55991	1.56623	1.59078	1.56116

