Evaluation : N=116, type=float
MM_ijk	3.49401	3.37709	3.55789	3.65391	3.38044	3.36051	3.36992	3.36019	3.38059	3.21367	3.23086	3.38073	3.34355	3.30799	3.28629	3.21843

MM_ikj	0.43601	0.43511	0.435427	0.436028	0.436149	0.436101	0.47662	0.497254	0.436219	0.436027	0.436062	0.436102	0.436068	0.436008	0.495016	0.4405

MM_B_ijk	1.90553	1.88614	1.94567	2.02531	2.01401	1.97355	1.91691	1.88796	1.88612	1.90012	2.93003	2.24304	2.08301	1.8866	1.89186	1.90827

Evaluation : N=116, type=float
MM_ijk	3.88958	4.37217	4.2282	4.98142	3.75396	3.93217	4.25355	3.77105	3.69504	3.94682	4.6275	4.04999	3.96328	4.63609	3.54728	3.72968

MM_ikj	0.474353	0.472921	0.473558	0.522343	0.521489	0.552701	0.696028	0.762926	0.872988	0.598896	0.528683	0.51878	0.498428	0.805794	0.810627	1.06405

MM_B_ijk	2.26313	2.28185	3.33234	2.12082	2.81359	2.33066	2.34268	2.48661	2.41691	4.3135	4.16689	3.89314	4.51397	3.0166	2.76626	2.07373

Evaluation : N=116, type=float
MM_ijk	4.16083	3.37436	3.34434	3.06957	3.88184	3.36399	3.11211	3.73216	3.27992	3.35995	2.95467	3.57421	3.26163	3.37705	2.98545	3.7734

MM_ikj	0.415945	0.668743	0.4036	0.403202	0.403987	0.423112	0.403518	0.403518	0.403584	0.403585	0.403509	0.403554	0.403569	0.403542	0.403465	0.403625

MM_B_ijk	1.7588	1.7471	1.74767	1.74646	1.92593	1.98102	1.80272	2.92523	3.02513	3.96574	1.84665	1.89544	2.09671	3.14625	2.43157	1.89848

