Evaluation : N=200, type=float
MM_ijk	3.87878	3.77495	3.70896	3.7552	3.78767	3.71041	3.77784	3.75733	3.70203	3.74733	3.6114	3.16623	3.0611	2.97746	3.03375	2.98945

MM_ikj	0.347161	0.345295	0.358063	0.369709	0.369667	0.35231	0.350509	0.345332	0.344733	0.344711	0.346012	0.344709	0.344716	0.352262	0.356415	0.344704

MM_B_ijk	1.58015	1.55709	1.53509	1.54828	1.59623	1.54053	1.55584	1.55962	1.58049	1.53737	1.54778	1.59247	1.54717	1.58758	1.55024	1.58708

Evaluation : N=200, type=float
MM_ijk	3.51975	3.4816	3.50636	3.44553	3.54884	3.20514	3.07102	3.02531	3.01723	3.04685	3.0078	3.04703	3.02182	3.07271	2.97637	3.07147

MM_ikj	0.35491	0.344681	0.344736	0.34471	0.347404	0.34516	0.34515	0.365486	0.345358	0.354816	0.399197	0.390491	0.36013	0.363438	0.346393	0.345414

MM_B_ijk	1.53978	1.55545	1.6867	1.54335	1.53766	1.64915	1.60446	1.56159	1.56355	1.66744	1.57037	1.53596	1.57028	1.67808	1.56549	1.62106

Evaluation : N=200, type=float
MM_ijk	3.83318	4.10242	3.76738	3.8277	3.79998	3.74135	3.74589	3.74289	3.72715	3.30898	3.06014	2.99994	3.02122	2.98492	3.03761	2.99234

MM_ikj	0.345933	0.346921	0.35049	0.373163	0.351762	0.364353	0.346229	0.349213	0.345521	0.345279	0.346322	0.345299	0.345171	0.351959	0.350078	0.345148

MM_B_ijk	1.58734	1.56121	1.53532	1.62088	1.59118	1.53896	1.5478	1.57368	1.58014	1.53568	1.55986	1.57659	1.55492	1.54195	1.56477	1.59141

