Evaluation : N=143, type=float
MM_ijk	3.72146	3.48299	3.46989	3.46847	3.31344	3.21657	3.15998	3.19777	3.08294	2.99485	2.97217	3.00441	3.06573	3.24743	3.07924	2.96617

MM_ikj	1.87271	1.91737	1.96988	1.95679	1.88348	1.87553	1.87261	1.87592	1.96254	1.89163	1.98024	1.92267	1.88409	1.87541	1.87252	1.87555

MM_B_ijk	1.57364	1.54539	1.56916	1.6461	1.59162	1.55761	1.54167	1.54788	1.54184	1.54523	1.57328	1.57696	1.61008	1.59877	1.59281	1.55523

Evaluation : N=143, type=float
MM_ijk	3.97513	3.86392	4.19841	4.31321	3.85625	3.85303	3.90207	4.00803	3.85312	3.90663	4.03421	3.95577	3.84113	3.8624	4.45299	5.34451

MM_ikj	3.49508	3.51607	3.90923	3.62091	3.16853	2.84838	3.5881	3.8438	3.97499	3.69151	3.49707	3.6566	3.70337	3.54835	2.54723	2.68599

MM_B_ijk	4.16329	3.11856	3.61124	3.52918	3.57952	3.48762	2.54862	2.05519	2.0457	1.91517	2.82026	3.90609	2.67565	2.01727	2.0777	2.01833

Evaluation : N=143, type=float
MM_ijk	4.23435	3.93836	3.92018	3.83903	4.08348	3.92861	3.9094	3.8373	3.96821	3.98566	3.85239	3.88174	4.02959	3.87928	3.83336	3.91921

MM_ikj	2.52868	2.4837	2.43227	2.42488	2.44497	2.4508	2.49231	2.18271	2.13437	2.07239	2.05226	1.91882	1.87168	1.8989	1.96397	1.93117

MM_B_ijk	1.5535	1.53769	1.5413	1.53767	1.54397	1.5665	1.57519	1.58573	1.62566	1.86292	1.6158	1.53753	1.54058	1.53739	1.58058	1.53988

