Evaluation : N=83, type=float
MM_ijk	3.37627	3.19189	3.18624	3.19148	3.23404	3.18733	3.18417	3.18743	3.18447	3.2342	3.18429	3.18788	3.1829	3.33822	3.34601	3.76616

MM_ikj	2.78517	2.61463	2.43683	2.45075	2.72535	2.48091	2.55564	2.4142	2.41438	2.41421	2.51253	2.41443	2.41412	2.41425	2.41408	2.41421

MM_B_ijk	1.89948	1.99226	1.89704	1.89732	1.89716	1.89768	1.8964	1.89786	1.89688	1.93526	1.89647	2.057	1.89783	1.89696	1.898	1.89688

Evaluation : N=83, type=float
MM_ijk	3.36863	3.4306	3.16476	3.10886	2.99606	3.08372	3.30821	3.21676	3.18249	3.33692	3.35334	3.40018	3.33369	3.31847	3.35978	3.74356

MM_ikj	2.43665	2.54025	2.80526	2.51685	2.97989	2.49386	3.22079	2.43009	2.42355	2.41687	2.42333	2.53608	2.33631	2.34499	3.02144	2.43282

MM_B_ijk	1.90012	1.90249	2.17006	1.89857	1.96625	2.25535	1.9698	1.96463	3.54256	3.89197	3.40185	3.78315	3.95152	3.18509	1.83583	2.69855

Evaluation : N=83, type=float
MM_ijk	3.86737	3.39935	3.1965	3.47014	3.18714	3.18519	3.2772	3.18159	3.18492	3.18177	3.18534	3.21999	3.1826	3.18656	3.18286	3.18685

MM_ikj	2.5964	2.58672	2.42723	2.42721	2.43172	2.42043	2.4682	2.4703	2.48178	2.9391	3.07628	2.5816	3.02591	2.43373	2.5736	2.53816

MM_B_ijk	1.90004	1.89742	1.89759	1.96385	1.89764	1.8971	1.89811	1.89676	1.89776	1.89733	1.89715	1.94419	1.89758	1.89672	1.89765	1.89653

