Evaluation : N=303, type=float
MM_ijk	4.77057	4.15857	3.78701	3.33157	3.31465	3.33217	3.31787	3.31526	3.32014	3.31406	3.31267	3.31378	3.31485	3.31934	3.34034	3.37951

MM_ikj	1.85326	1.84045	1.85043	1.87434	1.83361	1.83568	1.84103	1.83825	1.83991	1.83863	1.83354	1.83264	1.83771	1.8287	1.83577	1.84336

MM_B_ijk	1.54814	1.55642	1.55868	1.55447	1.5559	1.55489	1.55206	1.55487	1.5685	1.56189	1.54951	1.552	1.55451	1.56103	1.57282	1.56378

Evaluation : N=303, type=float
MM_ijk	4.20728	3.38339	3.31234	3.32776	3.32814	3.32414	3.31368	3.31192	3.31301	3.31343	3.31424	3.31539	3.33915	3.50543	3.31651	3.35074

MM_ikj	1.88737	1.86039	1.85019	1.85121	1.85429	1.85221	1.87091	1.85854	1.87402	1.85135	1.85209	1.8535	1.84993	1.87593	1.86197	1.85408

MM_B_ijk	1.58661	1.58431	1.58401	1.58519	1.58375	1.8191	1.5875	1.70403	1.58717	1.58949	1.58402	1.58676	1.58727	1.58714	1.58633	1.58714

