Evaluation : N=166, type=float
MM_ijk	3.76171	3.73073	3.80217	3.68644	3.82481	3.72467	3.75383	3.89086	3.69429	3.57816	3.26612	3.10966	3.16565	3.18062	3.08719	3.12705

MM_ikj	1.51315	1.50266	1.45816	1.45531	1.47175	1.48411	1.46779	1.51115	1.47996	1.44908	1.44569	1.44304	1.66215	1.51903	1.5038	1.44737

MM_B_ijk	1.51746	1.51941	1.56819	1.5674	1.57871	1.56635	1.52242	1.52116	1.56589	1.51857	1.60407	1.56886	1.52037	1.51908	1.51723	1.56554

Evaluation : N=166, type=float
MM_ijk	3.68116	3.55612	3.43458	3.44363	3.50637	3.42689	3.44563	3.49914	3.49155	3.45481	3.45919	3.43537	3.50321	3.46987	3.431	3.50951

MM_ikj	1.61683	1.61269	1.61365	1.62355	1.6124	1.69297	1.62803	1.60022	1.61648	1.62215	1.6254	1.60279	1.46974	1.46133	1.45343	1.45546

MM_B_ijk	1.53824	1.58923	1.55903	1.52473	1.51947	1.53749	1.51935	1.54881	1.59497	1.53978	1.51939	1.51704	1.54674	1.52568	1.58798	1.56409

Evaluation : N=166, type=float
MM_ijk	4.44589	4.45689	4.28157	3.46977	3.34572	3.5621	3.41173	3.59973	3.5097	3.2253	3.32988	3.15322	3.14339	3.1857	3.09157	3.10516

MM_ikj	1.45276	1.50847	1.49762	1.46971	1.45253	1.45916	1.47399	1.4519	1.51574	1.48514	1.44482	1.44504	1.46756	1.46737	1.45875	1.52047

MM_B_ijk	1.5241	1.51936	1.5172	1.54318	1.65733	1.60139	1.55971	1.51742	1.52185	1.53756	1.67084	1.68465	1.55247	1.52488	1.52016	1.53581

