Evaluation : N=271, type=float
MM_ijk	4.19363	4.12992	3.41849	3.31324	3.30693	3.31216	3.29985	3.29894	3.30605	3.28531	3.29414	3.28623	3.29573	3.28086	3.2932	3.28705

MM_ikj	1.84231	1.84745	1.83646	1.84413	1.84076	1.84189	1.84865	1.84111	1.83252	1.84151	1.89722	1.86271	1.8527	1.84203	1.85366	1.84201

MM_B_ijk	1.55563	1.54683	1.55722	1.55425	1.54988	1.55256	1.55639	1.55383	1.54269	1.55466	1.55701	1.54894	1.55048	1.56023	1.5422	1.55805

Evaluation : N=271, type=float
MM_ijk	4.0081	3.95456	3.94718	3.93621	3.49608	3.28854	3.30755	3.28585	3.31493	3.2865	3.30693	3.29806	3.30264	3.29751	3.29234	3.31183

MM_ikj	1.87003	1.85626	1.84029	1.86698	1.87492	1.87277	1.86875	1.83346	1.86307	1.86913	1.86863	1.87018	1.86027	1.83749	1.86763	1.89121

MM_B_ijk	1.60299	1.54703	1.60237	1.66123	1.60358	1.555	1.59634	1.6271	1.54702	1.60128	1.6103	1.54775	1.59685	1.59752	1.59904	1.54479

