Evaluation : N=214, type=float
MM_ijk	3.92078	3.82803	3.85073	3.88654	3.36471	3.19764	3.22298	3.23162	3.25463	3.21741	3.22368	3.2251	3.1943	3.22299	3.23876	3.18769

MM_ikj	1.46984	1.42435	1.4338	1.46857	1.42675	1.43314	1.4721	1.42679	1.4329	1.52531	1.43686	1.43321	1.46864	1.43882	1.42605	1.4366

MM_B_ijk	1.56081	1.52287	1.53396	1.56066	1.53436	1.52382	1.54903	1.5225	1.59928	1.5578	1.52122	1.53492	1.8092	1.59416	1.53862	1.53371

Evaluation : N=214, type=float
MM_ijk	4.10871	4.0123	4.01056	4.01382	4.01664	4.01789	4.2669	3.44408	3.26077	3.19796	3.23005	3.2208	3.20617	3.22092	3.24196	3.2036

MM_ikj	1.46548	1.42531	1.43536	1.45968	1.42401	1.48502	1.45574	1.42863	1.43161	1.45336	1.44433	1.43175	1.46425	1.43475	1.42988	1.43783

MM_B_ijk	1.55433	1.53033	1.53699	1.57713	2.1724	2.19165	1.56386	1.52899	1.64369	1.63977	1.75646	1.80037	2.43297	1.70185	1.58029	1.6192

Evaluation : N=214, type=float
MM_ijk	4.13135	4.01172	3.98513	3.78243	3.31782	3.26133	3.19393	3.23735	3.25471	3.20252	3.26817	3.25529	3.24281	3.20439	3.24213	3.27179

MM_ikj	1.42933	1.44112	1.51313	1.43502	1.4286	1.51169	1.43929	1.43061	1.50019	1.45002	1.43107	1.48337	1.46874	1.42484	1.44435	1.50989

MM_B_ijk	1.52068	1.54724	1.64853	1.53084	1.57251	1.62733	1.52125	1.62889	1.56292	1.52904	1.62108	1.56468	1.52881	1.64921	1.54064	1.53037

