Evaluation : N=25, type=float
MM_ijk	6.61926	3.62502	3.63046	3.624	3.62451	3.62822	3.62643	3.62157	3.64954	3.68794	3.65491	3.65555	3.73344	3.904	3.85101	4.46067

MM_ikj	3.11334	3.01203	3.03603	3.00454	2.87706	2.85357	2.80429	2.75347	3.18509	3.06573	2.90688	2.91085	3.01395	3.11725	2.90426	3.01517

MM_B_ijk	3.17485	3.18464	3.27456	4.37344	5.29651	3.8359	3.09139	3.17997	3.08717	3.08922	3.10586	3.0896	3.09274	3.0912	3.0919	3.08384

Evaluation : N=25, type=float
MM_ijk	4.13997	2.32698	2.31834	2.32365	4.87814	2.31846	2.3216	2.31994	2.3184	2.32416	2.31834	2.32346	2.32058	2.32288	2.31827	2.32109

MM_ikj	1.7769	1.76333	1.76013	1.76262	1.76058	1.75789	1.76486	1.7607	1.7575	1.7632	1.75942	1.75853	1.76243	1.75968	1.7584	1.76333

MM_B_ijk	2.0055	1.98573	1.97978	1.97869	1.98195	1.97408	1.98182	1.97626	1.97843	1.9799	1.97357	1.98003	1.97773	1.97446	1.97958	1.97587

Evaluation : N=25, type=float
MM_ijk	4.05792	2.23443	2.22746	2.23277	2.23046	2.22938	2.23622	2.2288	2.23341	2.2281	2.23366	2.23226	2.2304	2.23456	2.22669	2.23597

MM_ikj	1.7127	1.69446	1.69088	1.69645	1.69267	1.69152	1.69594	1.69306	1.69088	1.69632	1.69267	1.6919	1.69581	1.69357	1.69101	1.69606

MM_B_ijk	1.93702	1.90938	1.90534	1.89696	1.90714	1.8985	1.90022	1.90112	1.8953	1.90336	1.90099	1.89798	1.9047	1.90355	1.89997	1.90394

Evaluation : N=25, type=float
MM_ijk	4.01338	2.23597	2.22861	2.23123	4.16397	2.2329	2.22784	2.23469	2.2272	2.22861	2.23002	2.22848	2.23469	2.22656	2.23405	2.22694

MM_ikj	1.7113	1.69312	1.69344	2.2953	2.43885	2.36045	2.40358	2.31373	2.71757	2.38822	2.35891	2.3849	2.43136	2.512	2.62509	2.82445

MM_B_ijk	3.24704	3.33408	3.32902	3.2448	3.24173	3.12134	3.20096	3.34803	3.33005	3.35232	3.35552	3.24627	3.08614	3.14918	3.15136	3.63667

