Evaluation : N=39, type=float
MM_ijk	3.2069	2.62343	2.62555	2.62486	2.62907	2.62118	2.6286	2.62408	2.62806	2.6237	2.62646	2.62788	2.62767	2.62193	2.62513	2.62543

MM_ikj	2.13813	2.13464	2.13301	2.13392	2.1333	2.13352	2.13365	2.13348	2.13365	2.13311	2.13368	2.13328	2.13395	2.13289	2.13426	2.13304

MM_B_ijk	1.88692	1.87805	1.87729	1.87625	1.87424	1.87935	1.87737	1.87633	1.87652	2.42668	1.8077	1.80691	1.80945	1.80684	1.80824	1.80811

Evaluation : N=39, type=float
MM_ijk	3.33782	2.73351	2.72515	2.73034	2.73059	2.73396	2.72736	2.73208	2.7327	2.73283	2.7268	2.73106	2.72967	2.73395	2.72722	2.73154

MM_ikj	2.25091	2.24761	2.24537	2.24709	2.95826	2.2455	2.24675	2.24594	2.24604	2.24667	2.24547	2.24699	2.24533	2.24683	2.24571	2.24635

MM_B_ijk	1.96519	1.95123	1.94632	1.95029	1.94936	1.94683	1.94627	1.94676	1.94911	1.94959	1.9488	1.94931	1.94804	1.9502	1.94836	1.9472

Evaluation : N=39, type=float
MM_ijk	3.22384	2.62626	2.61972	2.62666	2.62853	2.62818	2.62378	2.63044	2.6252	2.62346	2.62496	2.6284	2.62666	2.6268	2.62115	2.62867

MM_ikj	2.13679	2.13532	3.40147	2.16096	2.15892	2.17008	2.81736	2.15902	2.16059	2.15895	2.16059	2.15895	2.16069	2.15894	2.16066	2.15897

MM_B_ijk	1.88564	1.87754	1.87301	1.87247	1.87468	1.87117	1.87387	1.87301	1.87415	1.87419	1.87215	1.87297	1.87475	1.87387	1.87501	1.8721

