Evaluation : N=169, type=float
MM_ijk	3.94238	3.80646	3.8862	3.78917	3.85485	3.8053	3.86953	3.86311	3.77335	3.86112	3.80735	3.7907	3.85728	3.77031	3.31402	3.18094

MM_ikj	1.85603	1.87459	1.91485	1.89238	1.86726	1.91823	1.86149	1.89745	1.98312	1.85589	1.85481	1.87426	1.92064	1.88608	1.85545	1.85738

MM_B_ijk	1.54116	1.57138	1.58833	1.52799	1.52372	1.54001	1.52311	1.54305	1.6109	1.5307	1.52573	1.52427	1.5448	1.53861	1.60146	1.52878

Evaluation : N=169, type=float
MM_ijk	3.87284	3.82032	3.85016	3.79359	3.86787	3.77317	3.85579	3.88891	3.80533	3.93818	3.79544	3.85158	3.81435	3.80232	3.84202	3.78812

MM_ikj	2.42633	2.36489	2.30206	2.32057	2.3353	2.37325	2.30221	2.33747	2.32233	2.36904	2.30329	2.31419	2.33671	2.36857	2.30563	2.31447

MM_B_ijk	1.79632	1.68928	1.6531	1.5919	1.53835	1.54658	1.54465	1.57815	1.54307	1.52598	1.54524	1.54636	1.52466	1.58966	1.55819	1.52615

Evaluation : N=169, type=float
MM_ijk	3.98666	3.783	3.91349	3.80458	3.8085	3.89876	3.87456	4.09074	3.80727	3.84801	3.9529	3.82011	3.92579	3.79634	3.33541	3.1652

MM_ikj	1.85964	1.87524	1.89232	2.00426	1.87138	1.99032	1.87143	1.97063	1.91918	1.86074	1.87531	1.87016	1.98232	1.94688	1.85872	1.86648

MM_B_ijk	1.54484	1.58061	1.70433	1.54347	1.52992	1.53977	1.54704	1.63696	1.64825	1.54721	1.53019	1.55748	1.55689	1.53701	1.62157	1.79388

