Evaluation : N=216, type=float
MM_ijk	3.62691	3.29167	3.15374	3.14723	3.05747	3.08546	3.07588	3.02729	3.08088	3.03883	3.04977	3.03263	3.05242	3.01862	3.03727	3.05389

MM_ikj	0.34737	0.34408	0.343845	0.345701	0.343838	0.351625	0.353289	0.34419	0.351726	0.365568	0.355613	0.345638	0.343874	0.345888	0.343952	0.343893

MM_B_ijk	1.54508	1.57215	1.53962	1.56398	1.56361	1.54574	1.54548	1.56087	1.54409	1.55727	1.54469	1.55179	1.56377	1.54599	1.533	1.55567

Evaluation : N=216, type=float
MM_ijk	3.9038	3.80195	3.80726	3.88888	3.81873	3.80897	3.76555	3.82567	3.7279	3.18254	3.02697	3.07748	3.09127	3.05342	3.04841	3.09582

MM_ikj	0.345099	0.345358	0.343932	0.34383	0.363581	0.344428	0.353608	0.409543	0.370153	0.358452	0.344902	0.34872	0.344144	0.343872	0.344953	0.343839

MM_B_ijk	1.6412	1.57975	1.54564	1.65281	1.55616	1.55271	1.64984	1.54683	1.56929	1.66482	1.53791	1.55841	1.65835	1.53755	1.59102	1.62365

Evaluation : N=216, type=float
MM_ijk	3.88364	3.80265	3.78239	3.69585	3.19143	3.07544	3.04222	3.08405	3.05714	3.04464	3.07981	3.08305	3.0222	3.09504	3.08429	3.04604

MM_ikj	0.368579	0.357044	0.349529	0.353199	0.343972	0.345739	0.343927	0.343834	0.353568	0.353546	0.346167	0.343949	0.344181	0.353742	0.365663	0.357621

MM_B_ijk	1.53401	1.55068	1.5703	1.53869	1.55041	1.59318	1.53733	1.54976	1.58815	1.72116	1.82976	1.54677	1.57056	1.56545	1.55669	1.55094

