Evaluation : N=329, type=float
MM_ijk	4.06692	3.99809	3.48604	3.35079	3.3532	3.3511	3.34852	3.35193	3.34294	3.34915	3.35138	3.34324	3.39253	3.35726	3.34196	3.35313

MM_ikj	1.83562	1.84339	1.83298	1.841	1.83069	1.84364	1.82786	1.84062	1.84544	1.8337	1.84211	1.83247	1.84343	1.83369	1.84835	1.83212

MM_B_ijk	1.55047	1.55291	1.55052	1.55746	1.54954	1.54478	1.55256	1.54454	1.54319	1.55181	1.552	1.54758	1.54378	1.5449	1.54664	1.55375

Evaluation : N=329, type=float
MM_ijk	4.57313	4.13967	3.90315	3.78704	3.79103	3.79476	3.34806	3.34741	3.3559	3.34489	3.35819	3.38504	3.34615	3.35855	3.35073	3.33225

MM_ikj	1.86521	1.84482	1.86845	1.8991	2.0834	2.04339	2.50849	3.10388	3.37836	3.50951	3.42702	3.15758	3.84729	4.68182	2.61544	2.03385

MM_B_ijk	1.59522	1.55284	1.5686	1.5517	1.54607	1.78165	1.60536	1.57353	1.5733	1.57848	1.61194	1.58725	1.584	1.59234	1.59752	1.60769

