Evaluation : N=510, type=float
MM_ijk	3.69568	3.44952	4.30035	4.75315	3.78935	3.43299	3.49929	3.48752	3.49003	3.98483	4.19777	4.0219	3.44551	3.43144	3.44204	3.43059

MM_ikj	1.39664	1.42083	1.41403	1.41913	1.41346	1.41116	1.42133	1.40819	1.40932	1.417	1.43635	1.43015	1.40664	1.40103	1.65764	1.4398

MM_B_ijk	1.58662	1.60043	1.618	1.57382	1.55048	1.55085	1.5583	1.56967	1.56815	1.55935	1.56079	1.54768	1.55487	1.54671	1.56046	1.56495

Evaluation : N=510, type=float
MM_ijk	3.83642	3.4875	3.48945	3.54238	3.4858	3.48413	4.04506	4.8759	4.45875	4.07345	4.07439	4.15781	4.07478	3.63227	3.69165	3.51973

MM_ikj	1.38363	1.38223	1.41144	1.38964	1.38939	1.39256	1.38894	1.40455	1.39561	1.41795	1.39307	1.38489	1.38442	1.38374	1.3861	1.38368

MM_B_ijk	1.63025	1.56583	1.5634	1.72116	1.63703	1.5587	1.54782	1.57478	1.55934	1.54621	1.56497	1.54397	1.55233	1.57705	1.56468	1.55261

