Evaluation : N=31, type=float
MM_ijk	3.56551	2.49797	2.49381	2.5021	2.49753	2.49696	2.4979	2.50032	2.49559	2.4981	2.49377	2.49992	2.4979	2.497	2.49777	2.49857

MM_ikj	2.16206	2.15169	2.14749	2.14796	2.14927	2.14941	2.545	2.18036	2.18096	2.18247	2.18257	2.18103	2.18063	2.18177	2.18294	2.1817

MM_B_ijk	1.92854	1.9136	1.91722	1.91793	1.91578	1.91477	1.91618	1.91403	1.9193	1.91652	1.91511	1.91917	1.91346	1.91323	1.91528	1.91598

Evaluation : N=31, type=float
MM_ijk	3.70192	2.59595	2.59649	2.59766	2.59565	2.59481	2.59854	2.59615	2.5986	2.5977	2.59528	2.59575	2.59669	2.59672	2.59129	2.59887

MM_ikj	2.24685	2.23705	2.23309	2.234	2.23541	2.23537	2.23427	2.23306	2.2339	2.235	2.23521	2.23393	2.23326	2.23393	2.23551	2.23524

MM_B_ijk	2.00866	1.98815	1.991	1.99557	1.99345	1.98886	1.99275	1.99084	1.99117	1.98899	1.99251	1.99057	1.98929	1.99057	1.99463	1.98929

Evaluation : N=31, type=float
MM_ijk	3.71934	2.59427	2.59461	2.60079	2.59582	2.59854	2.58981	2.59991	2.59619	2.59666	2.59642	2.59867	2.59622	2.59746	2.59585	2.59961

MM_ikj	2.24444	2.24004	2.23564	2.23477	2.23527	2.23651	2.23645	2.23534	2.23427	2.23517	2.23698	2.23655	2.23547	2.23433	2.23541	2.23658

MM_B_ijk	2.01108	1.99151	1.99178	1.99218	1.99238	1.98933	1.99131	1.99215	1.98929	1.98896	1.99272	1.99184	1.99074	1.98909	1.99997	1.99003

