Evaluation : N=330, type=float
MM_ijk	4.097	4.03368	3.54476	3.38804	3.36973	3.37071	3.37154	3.36957	3.36817	3.37186	3.37213	3.413	3.37986	3.37448	3.36826	3.37268

MM_ikj	1.40262	1.40509	1.40444	1.40406	1.40644	1.40158	1.40509	1.40254	1.40393	1.40128	1.40125	1.41028	1.40356	1.40255	1.40071	1.40161

MM_B_ijk	1.54996	1.54278	1.55131	1.54011	1.54812	1.54308	1.55075	1.54514	1.53987	1.5444	1.5555	1.5448	1.54225	1.54156	1.54459	1.55172

Evaluation : N=330, type=float
MM_ijk	5.64748	5.33201	4.21494	4.02655	3.8047	4.65577	5.07685	5.80644	5.02865	4.62854	4.55596	3.84265	3.40638	3.3861	3.38907	3.39012

MM_ikj	1.42424	1.44765	1.42071	1.41963	1.42064	1.43858	1.42279	1.4093	1.42499	1.55532	1.55517	1.52996	1.82679	2.20874	2.23716	2.37862

MM_B_ijk	3.54402	3.38409	3.29938	2.6512	2.81062	2.21027	1.92384	1.9295	1.78134	1.73655	1.78935	1.74877	1.78009	1.73954	1.77534	1.74757

