Evaluation : N=293, type=float
MM_ijk	4.10648	3.7281	3.51769	3.44008	3.46426	3.43296	3.46358	3.48118	3.40337	3.45253	3.41364	3.42182	3.51683	3.47377	3.36138	3.41729

MM_ikj	1.905	1.97819	1.94378	1.90586	1.93254	1.90853	1.93941	1.91954	1.91129	1.91835	1.89169	1.93573	1.91018	1.8735	1.88886	1.84796

MM_B_ijk	1.55216	1.53934	1.53826	1.56078	1.5428	1.55297	1.54469	1.56259	1.54498	1.63479	1.54869	1.61781	1.6368	1.61954	1.68716	1.59402

Evaluation : N=293, type=float
MM_ijk	4.05579	3.9737	3.90752	3.3305	3.31678	3.32901	3.33349	3.87697	3.47344	3.34484	3.31201	3.30944	3.30735	3.30575	3.30932	3.31128

MM_ikj	1.83669	1.85295	1.83374	1.83766	1.84369	1.83616	1.88608	1.87742	1.85289	1.85939	1.87347	1.89791	1.8668	1.86378	1.85828	1.8634

MM_B_ijk	1.5731	1.54721	1.56947	1.57639	1.58322	1.57868	1.57781	1.58139	1.56546	1.53664	1.5772	1.57057	1.57876	1.58457	1.57771	1.57902

