Evaluation : N=93, type=float
MM_ijk	3.21106	3.24019	3.22859	3.29847	3.1422	3.08813	2.92041	2.92611	2.97502	2.8762	2.8198	2.82092	2.85771	2.81852	2.82029	2.81782

MM_ikj	1.97005	1.95465	2.06862	1.96494	1.96491	1.9667	2.14278	1.9986	2.13275	2.10961	1.96849	2.43944	2.16181	2.01122	2.06411	2.06285

MM_B_ijk	2.47474	2.05906	2.30896	1.70371	1.70419	1.70393	1.74653	1.70329	1.70349	1.70413	1.70336	1.70343	1.70341	1.73107	1.70385	1.70341

Evaluation : N=93, type=float
MM_ijk	3.77577	3.67878	3.42145	3.28999	3.27683	3.32751	3.2156	3.37652	3.10913	3.22579	3.15274	2.92395	2.95315	3.3204	3.0492	3.05418

MM_ikj	2.24931	2.40606	2.29482	2.43751	2.58328	2.36188	2.20325	2.41197	2.25173	2.22612	2.30281	2.19747	2.19023	2.2075	2.33858	2.35839

MM_B_ijk	2.01753	1.90946	1.90864	1.90808	1.90737	1.99347	1.90873	1.90821	1.90852	2.51822	3.40641	2.74269	2.12232	1.93727	1.9196	2.14321

Evaluation : N=93, type=float
MM_ijk	3.74452	3.44255	3.44325	3.46468	3.17295	3.15537	3.1847	3.48503	3.15629	3.62671	3.34288	3.6336	3.67639	3.82981	3.46638	3.35882

MM_ikj	2.56324	2.31355	2.3109	2.29853	2.23048	2.18919	2.18911	2.18918	2.1892	2.38145	2.2007	2.59649	2.29968	2.30191	2.42453	2.20122

MM_B_ijk	1.97093	2.08964	2.06094	3.63133	2.79639	2.14745	2.17133	1.9606	2.09485	2.13985	1.90895	1.90942	2.02985	1.94747	1.90942	2.41078

