Evaluation : N=101, type=float
MM_ijk	3.90619	3.29407	3.35359	3.2779	3.24533	3.24579	3.30701	3.2491	3.26868	3.33296	3.24585	3.2645	3.3271	3.47496	3.40887	3.3939

MM_ikj	2.39995	2.29052	2.28989	2.28991	2.31635	2.28985	2.2899	2.28981	2.33818	2.28989	2.42412	2.28991	2.31167	2.29055	2.35528	2.50422

MM_B_ijk	1.94242	1.95102	1.91602	1.81791	1.86818	1.81722	1.81694	1.81704	1.817	1.83641	1.81671	1.81729	1.81674	1.81697	1.85935	1.81685

Evaluation : N=101, type=float
MM_ijk	3.68991	3.37518	3.4337	3.37834	3.44506	3.37499	3.38123	3.40176	3.45938	3.39417	3.39076	3.63524	3.45431	3.52778	3.40874	3.37898

MM_ikj	2.38193	2.48329	2.38176	2.40965	2.46479	2.44731	2.38201	2.38147	2.38145	2.54047	2.7612	2.77215	2.49698	2.52213	2.51789	2.38159

MM_B_ijk	1.93481	1.88978	2.02365	1.88976	1.92176	1.88956	1.88932	1.8894	1.88924	1.98875	3.22341	2.82627	1.93819	2.01219	2.74352	1.99829

Evaluation : N=101, type=float
MM_ijk	3.53175	3.65134	3.57091	3.60627	3.86378	3.37757	3.69793	3.99116	3.75264	3.65662	4.36223	3.74013	3.69747	3.69908	4.52864	4.50102

MM_ikj	3.40226	3.66426	4.0796	3.82279	3.73355	3.22492	3.44227	3.62053	3.8788	3.56275	3.53967	3.82167	3.55021	3.37636	3.44347	3.5381

MM_B_ijk	3.30028	3.51074	3.422	3.2768	3.4388	3.30311	3.30687	3.54974	3.49876	3.49801	3.43357	3.31805	3.25649	3.28648	3.35968	3.37256

