Evaluation : N=299, type=float
MM_ijk	3.67157	3.32492	3.3107	3.31337	3.30317	3.30365	3.30451	3.30366	3.3157	3.33626	3.33677	3.32031	3.32052	3.32138	3.32655	3.32197

MM_ikj	1.87478	2.03572	1.85253	1.85248	1.85577	1.85646	1.87426	1.85065	1.85676	1.848	1.84843	1.84967	1.84758	1.8472	1.85003	1.84913

MM_B_ijk	1.57871	1.58189	1.57225	1.56106	1.56884	1.57077	1.57517	1.577	1.57788	1.58154	1.58085	1.57533	1.55368	1.5587	1.5609	1.56589

Evaluation : N=299, type=float
MM_ijk	4.17864	4.1549	3.77478	3.32972	3.32732	3.33026	3.32385	3.32665	3.32777	3.34271	3.32682	3.32609	3.32374	3.33247	3.32665	3.3289

MM_ikj	1.94828	1.86339	1.85919	1.8547	1.86071	1.85696	1.8558	1.88162	1.87944	1.86671	1.85862	1.8557	2.47051	2.87642	1.88316	1.87211

MM_B_ijk	1.58136	1.60022	1.5866	1.58247	1.5917	1.57995	1.58242	1.58527	1.58643	1.58287	1.57911	1.57345	1.55201	1.58281	1.58455	1.5841

