Evaluation : N=85, type=float
MM_ijk	3.25658	3.0739	3.16987	3.01434	2.9665	2.96127	2.97472	3.00462	2.96099	2.96573	3.05103	3.02924	3.09185	3.12834	2.98004	3.04438

MM_ikj	2.30978	2.33203	2.24201	2.24158	2.24159	2.2416	2.24156	2.24154	2.26926	2.23214	2.23209	2.23215	2.2322	2.23225	2.30412	2.44167

MM_B_ijk	1.7532	1.75145	1.75168	1.76396	1.75143	1.75202	1.95786	1.75242	1.75179	1.75168	1.75289	1.75286	1.75797	2.98608	1.97593	1.90742

Evaluation : N=85, type=float
MM_ijk	3.38541	3.23015	3.29332	3.27055	3.40755	3.22181	3.24522	3.5492	3.2033	3.19495	3.20096	3.23527	3.2009	3.20431	3.19502	3.20068

MM_ikj	2.45048	2.4096	2.41073	2.42114	2.42089	2.42093	2.4524	2.55396	2.41073	2.41073	2.41269	2.41843	2.50623	2.50492	2.74744	2.44142

MM_B_ijk	1.9076	1.90094	2.33483	1.89796	1.89223	1.89221	1.89191	1.8923	1.89229	1.89245	2.02818	1.89219	1.89206	1.89197	1.89221	1.89226

Evaluation : N=85, type=float
MM_ijk	3.38653	3.20916	3.19823	3.29648	3.42564	3.23481	3.20765	3.42527	3.19837	3.19831	3.20235	3.19766	3.27397	3.20426	3.19752	3.20375

MM_ikj	2.44908	2.42092	2.42088	2.42086	2.42084	2.42085	2.50258	2.62703	2.41755	2.42088	2.43113	2.42195	2.64521	2.44321	2.55408	2.69229

MM_B_ijk	1.89558	1.90361	1.97278	2.12634	1.8922	1.89205	1.89253	1.89253	1.89215	1.89173	1.94628	1.89207	1.89273	1.8923	1.89217	1.89217

