Evaluation : N=278, type=float
MM_ijk	5.63147	5.32383	3.56209	3.39628	3.37164	3.37142	3.3678	3.34935	3.37067	3.57345	4.14188	4.12558	4.39929	4.51322	4.22005	3.96852

MM_ikj	2.25367	1.53573	1.48417	1.469	1.43251	1.8879	2.32813	2.3376	1.49521	1.43203	1.43836	1.4058	1.56334	1.57987	1.88933	1.57026

MM_B_ijk	1.84322	1.86625	1.79507	1.76966	1.83833	1.76296	1.6909	1.8552	2.03694	2.06563	1.87145	1.80761	1.82569	1.89067	1.88158	1.88187

Evaluation : N=278, type=float
MM_ijk	3.82856	3.39257	3.36273	3.35637	3.37058	3.33771	3.35528	3.35579	3.34484	3.36833	3.33918	3.3647	3.35081	3.33975	3.36624	3.33983

MM_ikj	1.44422	1.44852	1.41419	1.43864	1.44661	1.4199	1.43187	1.4502	1.42764	1.42189	1.8705	1.42852	1.40887	1.42084	1.42664	1.4095

MM_B_ijk	1.53923	1.55997	1.54945	1.53073	1.54577	1.54952	1.54371	1.53826	1.5412	1.54969	1.54146	1.53388	1.54498	1.55652	1.53202	1.53889

