Evaluation : N=110, type=float
MM_ijk	3.90381	3.43925	3.2426	3.21246	3.228	3.21213	3.22595	3.21249	3.36304	3.25389	3.63383	3.31092	3.33472	3.21247	3.23085	3.21234

MM_ikj	1.53102	1.54612	1.53053	1.53049	1.59458	1.53049	1.58192	1.56878	1.54363	1.95438	1.62739	1.61334	1.55265	1.56275	1.56183	1.53099

MM_B_ijk	1.77053	1.76989	1.81769	1.7699	1.76981	1.76974	1.85287	1.76999	1.77811	2.1872	2.00943	1.84491	2.02747	1.88884	1.79726	1.88352

Evaluation : N=110, type=float
MM_ijk	3.80749	3.50462	3.4695	3.48727	3.46937	3.48691	3.53865	3.50385	3.68975	3.71131	3.50076	3.51039	3.46952	3.49769	3.46951	3.48209

MM_ikj	1.72373	1.65317	1.67502	1.67894	1.71878	1.76967	1.72345	1.74681	1.65429	1.65323	1.68696	1.65292	1.65297	1.65296	1.67235	1.65305

MM_B_ijk	1.91202	1.92935	1.91168	1.91137	2.13676	2.05967	2.76962	2.09701	1.96637	2.05758	1.91133	1.94747	1.91528	1.91123	1.95294	1.93044

Evaluation : N=110, type=float
MM_ijk	3.84354	4.04335	3.97034	3.91833	3.64258	3.9615	4.70077	4.84847	4.15456	3.99344	4.09014	3.68336	3.82195	4.05672	4.45181	4.08239

MM_ikj	1.99859	2.00356	2.58774	1.98046	1.88048	1.78369	1.77538	1.78963	1.8185	1.8073	1.79486	1.84908	1.82678	2.11065	1.94901	1.83255

MM_B_ijk	2.55764	2.46038	2.19961	2.13647	1.99177	2.09473	2.23675	2.21292	2.31284	2.22938	2.13541	2.03124	2.12271	2.78949	2.34024	2.21729

