Evaluation : N=185, type=float
MM_ijk	3.7698	3.77171	3.73098	3.75814	3.7633	3.78805	3.49049	3.2114	3.13203	3.16756	3.11838	3.17158	3.10118	3.18138	3.08511	3.22686

MM_ikj	1.89712	1.84801	1.89494	1.89786	1.88338	1.84642	1.88689	1.93734	1.84998	1.86734	1.87726	1.92607	1.8512	1.88097	1.87906	1.90648

MM_B_ijk	1.52901	1.54376	1.5416	1.60116	1.52955	1.5281	1.55905	1.55056	1.5785	1.52855	1.54882	1.54329	1.5718	1.56012	1.52879	1.57296

Evaluation : N=185, type=float
MM_ijk	4.01573	3.91145	3.90357	3.92725	3.83475	4.01713	3.83709	3.96723	3.87697	3.93129	3.89523	3.57215	3.2362	3.20159	3.10308	3.18654

MM_ikj	1.8488	1.86966	1.95838	1.88167	1.85023	1.84675	1.96111	1.8897	1.85553	1.87957	1.97961	1.84891	1.84615	1.92902	1.92517	1.84925

MM_B_ijk	1.52239	1.55715	1.6864	1.54534	1.52615	1.61209	1.69308	1.53807	1.52543	1.52366	1.56483	1.68329	1.54037	1.52499	1.54031	1.68689

Evaluation : N=185, type=float
MM_ijk	4.76007	4.27648	4.35573	4.40956	4.40792	4.21725	4.37968	4.31394	4.03046	3.69187	3.43685	3.42911	3.5229	3.42964	3.49962	3.57691

MM_ikj	2.13563	2.05187	2.10422	2.158	2.06946	2.12471	2.15004	2.13594	2.10301	2.03409	2.22334	2.23732	2.24495	2.33198	2.16197	1.99686

MM_B_ijk	1.75589	1.80259	1.85608	1.71735	1.74808	1.83474	1.63392	1.75707	1.63082	1.79998	1.63059	1.78044	1.61404	1.90737	1.68169	1.68696

