Evaluation : N=139, type=float
MM_ijk	3.56778	3.30242	3.12163	3.39404	3.22448	3.13867	3.0586	3.02575	3.12517	3.07119	2.96094	2.94584	2.98828	2.97695	3.07028	3.08179

MM_ikj	1.93255	1.87531	1.88191	1.87511	1.88148	1.97043	1.96689	1.91857	1.87515	1.88263	1.87486	1.8841	1.96962	1.89885	1.9792	1.91595

MM_B_ijk	1.54421	1.53512	1.54282	1.53503	1.53505	1.54757	1.569	1.53858	1.58479	1.59138	1.57081	1.54344	1.53555	1.54092	1.53498	1.55582

Evaluation : N=139, type=float
MM_ijk	4.32487	4.07269	4.5491	4.62537	4.30949	4.16123	4.45315	4.5091	4.3668	4.30061	4.22568	3.93576	4.19093	3.83259	4.41078	4.03173

MM_ikj	3.03898	3.27677	2.74821	2.80133	2.77267	2.72726	2.74098	2.35779	2.40138	2.66726	3.08023	2.73786	3.28397	2.70173	2.50039	3.79828

MM_B_ijk	2.27544	2.10164	2.22398	2.22108	2.52313	2.25351	3.20643	2.81481	2.22321	2.3883	2.03215	2.29116	2.5896	3.54487	3.28781	2.45834

Evaluation : N=139, type=float
MM_ijk	3.77293	3.65967	3.83253	3.76209	3.65807	3.73314	3.68519	3.81212	3.66747	3.65842	3.69105	3.78388	4.00847	3.66281	3.67309	3.70193

MM_ikj	2.45756	2.36779	2.34276	2.33161	2.35667	2.40923	2.34664	2.43235	2.41367	2.34326	2.32964	2.32471	2.39507	2.51355	2.45759	2.37194

MM_B_ijk	1.91878	1.90691	1.9123	1.91887	1.73576	1.66383	1.71855	1.7107	1.68735	1.5975	1.52697	1.52688	1.53071	1.55893	1.57521	2.05699

