Evaluation : N=130, type=float
MM_ijk	3.74842	3.64641	3.72631	3.68371	3.68897	3.72423	3.641	3.71112	3.78065	3.67232	3.66058	3.6935	3.73019	3.75683	3.55339	3.5312

MM_ikj	1.75904	2.01573	1.42295	1.42609	1.43766	1.45633	1.47119	1.47657	1.39071	1.34571	1.33018	1.33005	1.33414	1.33014	1.36856	1.36351

MM_B_ijk	1.54384	1.52179	1.63046	1.54679	1.62325	1.63804	1.52341	1.54516	1.52164	1.52174	1.52649	1.52177	1.52166	1.52751	1.56027	1.57013

Evaluation : N=130, type=float
MM_ijk	4.67838	3.71885	3.49865	3.31737	3.38651	3.55696	3.52692	3.38923	3.39963	3.41328	3.46307	3.49281	3.53567	3.3894	3.39689	3.42224

MM_ikj	1.65898	1.65576	1.5494	1.60658	1.585	1.52857	1.54747	1.52723	1.53232	1.52751	1.5311	1.57429	1.52734	1.56578	1.58366	1.54187

MM_B_ijk	1.88031	1.89636	1.74886	1.85365	1.7472	1.75964	1.74704	1.75672	1.74718	1.79462	1.84185	2.17403	1.79806	1.86518	1.78044	1.74707

Evaluation : N=130, type=float
MM_ijk	3.66661	3.55291	3.53241	3.58728	3.63719	3.5863	3.50755	3.52924	3.52453	3.5346	3.64397	3.56206	3.54145	3.55862	3.48539	3.55699

MM_ikj	2.25894	1.75095	1.58668	1.60465	1.58649	1.58584	1.59073	1.58586	1.60693	1.62777	1.58835	1.60553	1.68221	1.62288	1.57986	1.37514

MM_B_ijk	1.60681	1.57246	1.57333	1.62905	1.57228	1.62261	1.56343	1.52519	1.53723	1.62177	1.55457	1.58567	1.52149	1.53769	1.52163	1.53553

