Evaluation : N=133, type=float
MM_ijk	3.78097	3.4176	3.34291	3.38271	3.35872	3.47911	3.40783	3.40438	3.34961	3.45937	3.40211	3.48535	3.35447	3.34956	3.35022	3.44898

MM_ikj	2.56281	2.20414	2.24845	2.15904	2.1936	2.1943	2.23475	2.16928	2.19342	2.4714	2.2942	2.17269	2.22931	2.183	2.24413	2.19868

MM_B_ijk	1.92397	2.13935	1.86559	1.82316	1.7583	1.74261	1.74735	1.74297	1.80372	1.74291	1.78771	1.78995	2.14995	1.81178	1.82501	1.74285

Evaluation : N=133, type=float
MM_ijk	3.62711	3.39346	3.64841	3.56508	3.34141	3.35281	3.36346	3.43613	3.59101	3.40542	3.35051	3.39225	3.38146	3.43139	3.4407	3.41878

MM_ikj	2.23305	2.36881	2.20155	2.17041	2.17949	2.01808	1.93164	1.92259	1.88107	1.88877	1.88087	1.90558	1.88027	1.92667	1.91222	1.93239

MM_B_ijk	1.6044	1.55565	1.53324	1.51784	1.56722	1.51831	1.51854	1.55525	1.52268	1.55942	1.51828	1.52376	1.57504	1.52935	1.61741	1.51786

Evaluation : N=133, type=float
MM_ijk	3.74293	3.6941	3.65925	3.91798	3.72797	3.6134	3.62444	3.65884	3.83439	3.74519	3.69469	3.6222	3.63416	3.81262	3.97714	3.63249

MM_ikj	2.3422	2.33158	2.36577	2.38489	2.62689	2.47429	2.38349	2.33197	2.42106	2.40595	2.34911	2.3802	2.64004	2.44432	2.3847	2.33183

MM_B_ijk	1.89444	1.88239	1.92572	1.88631	1.85362	2.01898	1.74059	1.69583	1.64044	1.62267	1.6083	1.52799	1.51866	1.56121	1.51846	1.56329

