Evaluation : N=235, type=float
MM_ijk	3.82698	3.69867	3.752	3.71152	3.7048	3.70897	3.677	3.22646	3.22647	3.22678	3.22984	3.2193	3.23515	3.25722	3.2154	3.20538

MM_ikj	1.85718	1.8589	1.84138	1.86967	1.84129	1.86526	1.83153	1.86715	1.83608	1.86358	1.83902	1.86427	1.83851	1.86533	1.84277	1.86132

MM_B_ijk	1.53956	1.55915	1.53638	1.56061	1.53167	1.56649	1.52938	1.55985	1.54377	1.53636	1.55685	1.53651	1.56277	1.52907	1.57213	1.53585

Evaluation : N=235, type=float
MM_ijk	4.10976	4.01145	4.02755	4.02115	4.00904	3.48718	3.24705	3.24058	3.23736	3.24183	3.24342	3.23887	3.24257	3.23957	3.2364	3.23445

MM_ikj	1.84189	1.9107	1.83775	1.91329	1.84008	1.90576	1.85038	1.91688	1.86271	1.88937	1.91153	1.84675	1.91954	1.85147	1.92405	1.841

MM_B_ijk	1.64647	1.54629	1.64392	1.5351	1.63132	1.55964	1.59412	1.59475	1.55207	1.63856	1.54796	1.64696	1.55565	1.65085	1.53654	1.62737

Evaluation : N=235, type=float
MM_ijk	4.07654	4.0086	4.05793	4.01067	4.0096	3.44614	3.21991	3.2243	3.22163	3.2266	3.2203	3.22732	3.2348	3.23089	3.22569	3.22703

MM_ikj	1.84104	1.86303	1.84346	1.8621	1.84167	1.86888	1.876	1.8569	1.87583	1.84817	1.87348	1.8389	1.88518	1.83678	1.87402	1.8623

MM_B_ijk	1.56674	1.55063	1.58293	1.54539	1.57912	1.55311	1.5573	1.57094	1.55021	1.56506	1.5383	1.57814	1.54171	1.57591	1.5456	1.56698

