Evaluation : N=167, type=float
MM_ijk	3.71228	3.80495	3.65588	3.65585	3.71932	3.63286	3.71036	3.70621	3.63437	3.72124	3.63283	3.66061	3.69635	3.64323	3.7204	3.64992

MM_ikj	2.22044	2.15093	1.97946	1.97311	1.88456	1.85942	1.87646	2.0732	1.87234	1.87343	1.85985	1.87683	2.12163	1.8896	1.96378	1.85993

MM_B_ijk	1.53262	1.72933	1.55138	1.56694	2.80603	2.83168	2.88032	2.60744	1.66059	1.52835	1.53564	1.55704	1.53705	1.53258	1.54326	1.54699

Evaluation : N=167, type=float
MM_ijk	3.80494	3.49513	3.5645	3.5702	3.52512	3.5618	3.5333	3.55808	3.59539	3.50486	3.52289	3.59634	3.49824	3.59594	3.5354	3.53242

MM_ikj	2.27363	2.20715	2.14823	2.13426	2.14624	2.21811	2.12983	1.85698	1.85678	1.87704	1.93642	1.87124	1.85678	1.85709	1.87658	1.92252

MM_B_ijk	1.55581	1.53023	1.52592	1.54464	1.52555	1.58337	1.56773	1.53115	1.52558	1.52558	1.54338	1.54749	1.60902	1.5304	1.53966	1.52373

Evaluation : N=167, type=float
MM_ijk	3.73811	4.05058	3.85734	3.84477	3.83751	3.70393	3.67708	3.91836	3.69421	3.68432	3.66684	3.65448	3.7344	3.63385	3.67616	3.70974

MM_ikj	2.21768	2.25799	2.29287	2.24992	2.21509	2.07345	1.9246	1.97156	1.86142	1.85654	1.87542	1.88117	1.92065	1.88325	1.8569	1.87359

MM_B_ijk	1.54603	1.56234	1.58643	1.53103	1.52865	1.54233	1.54347	1.53675	1.61877	1.53134	1.52353	1.52668	1.56574	1.52902	1.58928	1.55466

