Evaluation : N=34, type=float
MM_ijk	3.56116	7.42655	2.76074	2.76219	2.76112	2.75936	2.76094	2.76191	2.75985	2.75982	2.76155	2.76114	2.75952	2.76028	2.76173	2.76076

MM_ikj	1.66156	1.65495	1.65375	1.65189	1.65136	1.65253	1.65334	1.65245	1.65143	1.65194	1.65314	1.65299	1.65184	1.65151	1.65263	1.65332

MM_B_ijk	1.92739	1.90736	1.90309	1.901	1.89942	1.89998	1.90029	1.90054	1.89871	1.90019	1.89859	1.8996	1.89991	1.89787	1.89881	1.89808

Evaluation : N=34, type=float
MM_ijk	5.16034	4.0447	4.04844	4.02425	3.9986	3.99181	4.01575	4.06885	4.08701	4.6035	4.66258	4.44382	6.98369	3.85253	3.73311	3.75237

MM_ikj	2.0917	2.02397	2.23425	1.88894	2.40581	2.60035	2.65088	2.57577	2.6866	2.68644	2.67884	2.7368	2.93461	2.97959	2.56498	2.53572

MM_B_ijk	3.64563	3.66156	3.62294	3.59002	3.56287	3.63518	3.66858	3.631	3.62632	3.68861	7.57941	3.18362	3.5443	3.61709	3.59404	3.68996

Evaluation : N=34, type=float
MM_ijk	3.47919	2.67922	2.67858	2.67815	2.68095	2.67881	2.677	2.67957	2.67998	2.67815	2.67876	2.67851	2.67871	2.67968	2.67802	2.67711

MM_ikj	1.66014	1.65294	1.65294	1.65314	1.65205	1.65133	1.65243	1.65334	1.65253	1.65151	1.65171	1.65309	1.65314	1.65192	1.65141	1.65238

MM_B_ijk	1.92627	1.90515	1.90194	1.89932	1.89998	1.89899	1.89721	1.90034	1.89742	1.89469	1.89533	1.89696	1.89721	1.89708	1.89736	1.89609

