Evaluation : N=18, type=float
MM_ijk	4.68896	2.32716	2.32047	2.3251	2.32853	2.32716	2.32785	2.32236	2.32167	2.32716	2.32905	2.32922	2.32356	2.32442	2.32305	2.33093

MM_ikj	1.85168	1.79544	1.78498	1.78738	1.78944	1.78755	1.78464	1.78189	1.78292	1.78532	1.78807	1.78875	1.78618	1.78361	1.78189	1.78361

MM_B_ijk	1.95285	1.88426	1.84945	1.83899	1.83865	1.83899	1.83831	1.84139	1.84139	1.83693	1.8299	1.8335	1.84139	1.83693	1.83728	1.83899

Evaluation : N=18, type=float
MM_ijk	4.613	2.35374	2.34379	2.34551	2.35168	2.35408	2.34997	2.34139	2.34174	2.35237	2.35391	2.34997	2.34722	2.34448	2.34739	2.35151

MM_ikj	1.76183	1.72342	1.71896	1.72034	1.71879	1.71588	1.71382	1.71399	1.71639	1.71828	1.72068	1.71862	1.71588	1.71348	1.71365	1.71605

MM_B_ijk	1.89609	1.84276	1.78258	1.77881	1.79115	1.77984	1.77606	1.77486	1.7716	1.7716	1.77229	1.77023	1.77383	1.77383	1.77503	1.76972

Evaluation : N=18, type=float
MM_ijk	4.65055	2.32853	2.32476	2.31842	2.32613	2.32922	2.33076	2.32476	2.31859	2.31962	2.32785	2.32888	2.3275	2.32202	2.32373	2.32682

MM_ikj	1.84842	1.80676	1.78841	1.78909	1.78567	1.78326	1.78189	7.83556	1.78669	1.78361	1.78155	1.78361	1.78635	1.78875	1.78807	1.78532

MM_B_ijk	1.96999	1.90809	1.8546	1.84705	1.83522	1.83933	1.83899	1.83796	1.83865	1.84139	1.84036	1.84002	1.83762	1.83213	1.83556	1.83728

