Evaluation : N=279, type=float
MM_ijk	3.73502	3.34623	3.30162	3.33287	3.33179	3.32263	3.32297	3.29494	3.31017	3.30162	3.31133	3.31532	3.29991	3.31455	3.29833	3.31228

MM_ikj	1.86861	1.86406	1.86654	1.85687	1.86777	1.83833	1.86596	1.86256	1.89996	1.87571	1.87703	1.86453	1.96398	2.05354	2.07991	1.94382

MM_B_ijk	1.61279	1.73541	2.53455	3.18563	2.87269	2.68379	2.29381	2.5764	2.74267	2.18458	2.20511	2.4493	2.5644	2.30196	2.98422	2.44011

Evaluation : N=279, type=float
MM_ijk	4.18358	3.831	3.3613	3.33798	3.2934	3.31615	3.31003	3.29581	3.31362	3.2961	3.31294	3.30633	3.29863	3.31685	3.29581	3.31336

MM_ikj	1.8678	1.86731	1.86177	1.85595	1.84279	1.86601	1.86265	1.86904	1.8665	1.86363	1.86316	1.8551	1.86665	1.83292	1.86535	1.87823

MM_B_ijk	1.58904	1.5926	1.60146	1.54427	1.58391	1.59631	1.58462	1.54534	1.58277	1.59187	1.58583	1.54093	1.58299	1.603	1.58914	1.54654

