Evaluation : N=56, type=float
MM_ijk	2.97469	2.65627	2.64779	2.64754	2.64744	2.64747	2.64784	2.64761	2.64725	2.64758	2.64733	2.64752	2.64779	2.6475	2.64735	2.6474

MM_ikj	0.444567	0.44275	0.44242	0.442403	0.442517	0.442522	0.442511	0.442431	0.442448	0.442414	0.4423	0.442408	0.442426	0.442437	0.44234	0.442568

MM_B_ijk	2.21679	1.87341	1.8727	1.87347	1.87226	1.87278	1.87343	1.87276	1.87699	1.87218	1.87215	1.87213	1.87289	1.87246	1.87162	1.87257

Evaluation : N=56, type=float
MM_ijk	4.69084	4.0895	4.0911	4.14215	5.83357	4.70707	6.71497	4.45634	4.01413	3.7112	4.07394	4.20695	4.19539	3.36324	3.08492	3.09041

MM_ikj	0.507306	0.501059	0.500962	0.501856	0.500854	0.501617	0.500848	0.50082	0.500763	0.500911	0.500797	0.500894	0.500752	0.744562	0.770442	0.491419

MM_B_ijk	2.03656	2.03602	7.656	2.0337	2.03078	2.0284	2.03038	2.24811	2.02751	2.0292	3.97708	2.02915	2.02847	2.02985	2.02866	2.02886

Evaluation : N=56, type=float
MM_ijk	3.0911	2.75425	2.75397	2.75364	2.75282	2.75336	2.75395	2.75265	2.98485	2.75311	2.75391	2.75326	2.75271	2.75266	2.75408	2.75249

MM_ikj	0.463927	0.461974	0.460869	0.460721	0.460772	0.460733	0.460698	0.460687	0.460733	0.460619	0.460596	0.460641	0.460755	0.460653	0.460687	0.46071

MM_B_ijk	1.95319	1.95039	1.94774	1.94891	1.9491	1.94843	1.94757	1.9487	1.94811	1.94933	2.08754	1.94977	1.94887	1.94801	1.94782	1.94746

