Evaluation : N=36, type=float
MM_ijk	3.1806	2.40721	2.40319	2.40689	2.40511	2.40507	2.40456	2.40469	2.40329	2.40561	2.4058	2.40481	2.40278	2.40715	2.40507	2.40295

MM_ikj	0.483882	0.478009	0.478524	0.477516	0.477088	0.478138	0.478181	0.476916	0.477516	0.478695	0.477645	0.476959	0.478116	0.478288	0.47683	0.477773

MM_B_ijk	1.88059	1.87121	1.86743	1.86611	1.86505	1.86686	1.864	1.86411	1.86581	1.86463	1.86649	1.86394	1.8648	1.86484	1.86765	1.86488

Evaluation : N=36, type=float
MM_ijk	4.77827	2.67359	2.71131	2.73212	2.80273	3.40224	13.2768	3.64378	3.75609	3.6229	2.62742	2.63149	2.63827	2.6944	2.773	3.87569

MM_ikj	0.880701	0.809671	0.761488	0.746142	0.815243	0.517876	0.516011	0.516568	0.531229	0.517018	0.520855	0.523148	0.517511	0.535772	0.518261	0.521691

MM_B_ijk	2.0374	2.09862	2.06072	2.02079	2.03719	2.03271	2.04017	2.0212	2.02746	2.0227	2.0215	2.03416	2.03961	2.04503	2.03558	2.05133

Evaluation : N=36, type=float
MM_ijk	3.3654	2.50309	2.5039	2.50131	2.49957	2.49953	2.50013	2.50352	2.50178	2.50367	2.50379	2.49732	2.50169	2.50251	3.23628	2.40301

MM_ikj	0.563143	0.477388	0.47668	0.477773	0.476873	0.476145	0.477281	0.477473	0.47623	0.476616	0.477752	0.476916	0.47608	0.477216	0.477602	0.476359

MM_B_ijk	1.8881	1.86765	1.86385	1.86355	1.86118	1.8636	1.86428	1.86396	1.86182	1.86323	1.86396	1.86315	1.86255	1.86368	1.86223	1.86394

