Evaluation : N=135, type=float
MM_ijk	3.65949	3.54236	3.57802	3.60678	3.52396	3.72582	3.54369	3.64185	3.57459	3.52105	3.50576	3.53935	3.52685	3.65397	3.55336	3.70482

MM_ikj	2.24601	2.24029	2.26702	2.37639	2.3	2.2837	2.2399	2.24636	2.27932	2.27748	2.5434	2.39017	2.30042	2.26425	2.23957	2.41394

MM_B_ijk	1.85579	1.82125	1.97634	1.88433	1.92282	1.85654	1.83512	1.81992	1.83228	1.67971	1.6022	1.61145	1.57723	1.60661	1.67511	1.64978

Evaluation : N=135, type=float
MM_ijk	4.04554	3.89753	4.32583	4.38079	3.76302	3.76028	3.77419	4.06191	4.07101	4.11305	3.81064	3.97392	4.07405	3.7327	3.74964	3.72345

MM_ikj	3.05118	2.82912	2.55449	2.44989	2.35808	2.19324	2.3057	2.9305	3.005	2.47741	2.52464	2.33841	2.30255	2.29895	2.30038	2.82942

MM_B_ijk	2.76933	1.8886	1.87575	1.69356	1.67148	1.90177	1.76607	1.802	2.60778	2.6917	1.86951	1.8591	1.69315	1.73683	1.78471	2.38378

Evaluation : N=135, type=float
MM_ijk	3.75366	3.68374	3.68729	3.93258	3.69817	3.64687	3.66183	3.7285	3.91932	3.65612	3.64246	3.69212	3.76627	4.06819	3.76364	3.64207

MM_ikj	2.36285	2.36925	2.6317	2.43008	2.36916	2.35089	2.33808	2.32929	2.39756	2.35598	2.68047	2.45901	2.3303	2.34681	2.33758	2.329

MM_B_ijk	1.97351	1.94018	2.31239	1.92118	1.67373	1.67655	1.63219	1.63197	1.68084	1.60622	1.56408	1.56651	1.58839	1.90112	1.67939	1.95022

