Evaluation : N=297, type=float
MM_ijk	4.24041	3.82646	3.34253	3.31617	3.31125	3.31764	3.35381	3.30994	3.3068	3.31886	3.31337	3.30015	3.33634	3.96248	3.62724	3.33242

MM_ikj	2.07642	1.93863	1.8357	1.84139	1.83283	1.83195	1.82872	1.83433	1.83436	1.83869	1.83462	1.83325	1.83019	1.83199	1.83285	1.83173

MM_B_ijk	1.54287	1.54212	1.53927	1.546	1.53244	1.54982	1.5344	1.53903	1.5444	1.54229	1.54167	1.53765	1.55153	1.54933	1.53866	1.54283

Evaluation : N=297, type=float
MM_ijk	3.75252	3.37207	3.33194	3.32886	3.32182	3.32168	3.32712	3.32552	3.32746	3.32697	3.33174	3.32917	3.33119	3.32806	3.3281	3.33045

MM_ikj	1.85925	1.91399	1.86412	1.86599	1.86229	1.86014	1.85451	1.86888	1.87434	1.85682	1.86528	1.85678	1.86877	1.85961	1.85765	1.85577

MM_B_ijk	1.58164	1.58552	1.58256	1.58005	1.58352	1.57707	1.582	1.54442	1.58371	1.57846	1.5799	1.58207	1.5833	1.59324	1.59267	1.58057

