Evaluation : N=312, type=float
MM_ijk	3.9426	3.90112	3.53447	3.26338	3.26971	3.25224	3.2598	3.25347	3.24405	3.25499	3.24589	3.25702	3.2526	3.26678	3.32132	3.27264

MM_ikj	0.42002	0.420237	0.448746	0.418159	0.41903	0.444065	0.430933	0.419458	0.42175	0.4542	0.417848	0.421374	0.444245	0.429051	0.419732	0.421892

MM_B_ijk	1.60924	1.5877	1.58114	1.60514	1.57884	1.57934	1.579	1.5782	1.57896	1.57861	1.57931	1.57838	1.58099	1.58326	1.58186	1.60376

Evaluation : N=312, type=float
MM_ijk	4.11982	3.6859	3.36744	3.33266	3.25736	3.2768	3.27427	3.27847	3.26526	3.26373	3.26382	3.29088	3.26912	3.25861	3.26511	3.26161

MM_ikj	0.451104	0.425255	0.418254	0.423284	0.45185	0.420172	0.421939	0.448473	0.42259	0.419578	0.427513	0.449192	0.417708	0.422175	0.449976	0.423532

MM_B_ijk	1.58408	1.58407	1.58267	1.58486	1.58687	1.586	1.5828	1.58662	1.60876	1.58881	1.60255	1.58926	1.58522	1.575	1.58413	1.58828

