Evaluation : N=47, type=float
MM_ijk	3.14257	3.14759	2.6754	2.67334	2.67427	2.67496	2.67575	2.67386	2.6735	2.67384	2.99376	2.57552	2.57618	2.57554	2.57468	2.57348

MM_ikj	2.06787	2.06714	2.06603	2.06682	2.06598	2.44586	2.14631	2.14558	2.14582	2.14615	2.14541	2.14636	2.14549	2.14599	2.6032	2.4299

MM_B_ijk	1.89137	1.88644	1.88548	1.88572	1.88614	1.88456	2.09171	1.88597	1.8858	1.88596	1.88597	1.88589	1.88538	1.88574	2.17489	1.81664

Evaluation : N=47, type=float
MM_ijk	3.26851	2.78512	2.77948	2.78368	2.78387	2.78212	2.78111	2.78395	2.78338	2.7816	2.78095	2.78222	2.78382	3.33128	2.78119	2.78013

MM_ikj	2.23338	2.23162	2.23212	2.2319	2.23124	2.23176	2.2321	2.2314	2.23149	2.23215	2.23162	2.23136	2.23198	2.23189	2.23832	2.24275

MM_B_ijk	1.96639	1.96105	1.95992	1.96145	1.96008	1.96099	1.96046	1.96078	1.96212	1.95988	1.96023	1.96143	1.95897	1.96161	1.96019	1.95855

Evaluation : N=47, type=float
MM_ijk	3.28786	2.78363	2.78356	2.77913	2.78311	2.78422	2.78138	2.78213	2.78185	2.78356	2.78422	3.10658	2.80871	2.78205	2.78273	2.78047

MM_ikj	2.23401	2.23229	2.23126	2.23172	2.23212	2.23134	2.23149	2.23207	2.23162	2.23128	2.23205	2.23187	2.23124	2.23174	2.23206	2.23134

MM_B_ijk	1.96458	1.96011	1.96122	1.96015	1.9612	1.96227	1.96086	1.96109	1.9605	1.95979	1.96162	1.96113	1.96093	1.96006	1.95973	1.96297

