Evaluation : N=284, type=float
MM_ijk	4.08004	4.01344	3.91624	3.25073	3.21777	3.22032	3.20962	3.22727	3.21054	3.2144	3.23279	3.20506	3.2228	3.22567	3.21178	3.22651

MM_ikj	0.347353	0.347979	0.348736	0.383223	0.360766	0.344036	0.348691	0.347928	0.37707	0.363833	0.345868	0.343993	0.350511	0.351148	0.385573	0.355198

MM_B_ijk	1.59776	1.55847	1.603	1.69271	1.57006	1.60519	1.56796	1.58769	1.59659	1.60214	1.60114	1.59045	1.57487	1.59446	1.59852	1.60039

Evaluation : N=284, type=float
MM_ijk	4.05573	3.78629	3.21866	3.22697	3.21807	3.2201	3.27011	3.2063	3.22324	3.22652	3.20597	3.22271	3.21863	3.21518	3.22694	3.20775

MM_ikj	0.378949	0.354343	0.343625	0.347053	0.347987	0.367881	0.36297	0.34619	0.344072	0.347642	0.347934	0.38481	0.349519	0.344691	0.345868	0.345262

MM_B_ijk	1.59992	1.62641	1.5993	1.81933	1.91398	1.55502	1.56933	1.55496	1.57932	1.5587	1.55146	1.55788	1.55798	1.56262	1.55503	1.55465

