Evaluation : N=318, type=float
MM_ijk	3.96154	3.89763	3.66402	3.3674	3.38363	3.35989	3.35908	3.36717	3.36113	3.37468	3.37616	3.364	3.38047	3.3963	3.38167	3.36874

MM_ikj	1.41843	1.41972	1.43979	1.43	1.47086	1.43897	1.42427	1.41687	1.41887	1.41739	1.41956	1.42831	1.41684	1.41705	1.42041	1.4172

MM_B_ijk	1.57413	1.58992	1.67751	1.59329	1.57413	1.57158	1.82971	1.64133	1.59229	1.58474	1.64427	1.58185	1.57247	1.56926	1.57435	1.60164

Evaluation : N=318, type=float
MM_ijk	4.25976	4.19208	3.70192	3.37487	3.36601	3.36609	3.37566	3.36246	3.37448	3.36887	3.3726	3.37792	3.36835	3.3777	3.36572	3.36948

MM_ikj	1.42412	1.41965	1.42704	1.4232	1.41987	1.42388	1.42032	1.42189	1.42268	1.41786	1.41827	1.41964	1.418	1.42796	1.42415	1.41968

MM_B_ijk	1.64878	1.54935	1.57096	1.57594	1.57555	1.57845	1.60309	1.57951	1.5734	1.57559	1.5724	1.57523	1.59377	1.58117	1.59713	1.5792

