Evaluation : N=141, type=float
MM_ijk	3.60677	3.40455	3.4817	3.41582	3.39241	3.43135	3.44044	3.52709	3.38502	3.38603	3.4282	3.47749	3.44405	3.60768	3.39713	3.3857

MM_ikj	2.23217	2.21632	2.15151	2.15702	2.15679	2.1834	2.15846	2.21377	2.23693	2.22778	2.15706	2.15067	2.1713	2.19817	2.16151	2.252

MM_B_ijk	1.82914	1.754	1.76358	1.75427	1.77572	1.76527	1.7936	1.78097	1.8442	1.82293	1.75402	1.76206	1.75415	1.79316	1.61847	1.53362

Evaluation : N=141, type=float
MM_ijk	4.03842	3.71802	3.66986	3.77113	3.90038	3.78832	3.67795	3.74345	3.83064	3.82012	3.65599	3.76202	3.92884	3.89503	3.68158	3.70073

MM_ikj	2.45813	2.39148	2.56831	2.41763	2.36987	2.32681	2.38872	2.37117	2.60258	2.41165	2.37167	2.3372	2.34217	2.34289	2.38573	2.64278

MM_B_ijk	1.96213	1.9124	1.90247	1.89509	1.92876	1.89855	1.96928	2.26788	1.96728	1.68242	1.63342	1.64075	1.63354	1.66556	1.59263	1.53434

Evaluation : N=141, type=float
MM_ijk	3.96639	3.88268	4.02962	3.81365	3.8257	3.88069	4.12039	3.85195	3.82925	3.94361	4.23027	3.84614	3.82317	3.84299	4.05789	3.48956

MM_ikj	2.10066	2.09927	2.0761	1.93386	2.07921	1.93987	1.95068	1.87348	1.89135	1.87299	1.89584	1.91379	1.90985	2.11792	1.91853	1.89153

MM_B_ijk	1.53597	1.52741	1.52787	1.56001	1.53026	1.53483	1.8663	1.58597	1.59899	1.75385	1.52781	1.53793	1.5281	1.56385	1.5607	1.90838

