Evaluation : N=32, type=float
MM_ijk	8.86533	6.51678	9.33707	6.86273	8.40506	6.63736	6.59677	6.53519	6.61359	6.51514	6.53632	6.5932	6.62952	6.62283	6.60287	6.89697

MM_ikj	1.95425	1.80737	1.41464	1.3826	1.43857	1.38757	1.37384	1.29843	1.29126	1.29398	1.30502	1.33801	1.27841	1.31702	1.2558	1.25888

MM_B_ijk	4.67215	5.21768	5.85492	5.68756	4.35568	4.25494	4.25259	4.75299	5.11887	4.97412	4.43887	4.43137	4.4379	4.31818	4.26672	7.43713

Evaluation : N=32, type=float
MM_ijk	3.74524	2.75528	2.76889	2.7612	2.75824	2.77124	2.76312	2.77451	2.78995	2.76117	2.76575	2.76968	2.78055	2.76205	2.77768	2.75754

MM_ikj	0.526886	0.516968	0.518555	0.517517	1.51993	0.597382	0.517822	0.517212	0.514252	0.51593	0.517029	0.516541	0.517578	0.51535	0.516479	0.518311

MM_B_ijk	1.81592	1.7995	1.8027	1.79919	1.79636	1.79626	1.79901	1.79727	1.79578	1.79944	1.79944	1.79794	1.7995	1.79919	1.79395	1.79782

Evaluation : N=32, type=float
MM_ijk	3.87204	2.87033	2.88708	2.89865	2.86099	2.88483	2.86938	2.87961	2.8544	2.88818	2.8764	2.88474	2.88281	2.87573	2.87112	2.87473

MM_ikj	0.548859	0.540131	0.53717	0.537201	0.538696	0.53833	0.537048	0.536774	0.537048	0.537506	0.537659	0.535309	0.53598	0.538635	0.537964	1.60175

MM_B_ijk	1.81693	1.80313	1.80304	1.79877	1.79974	1.80273	1.79733	1.79892	1.80173	1.80121	1.7977	1.80048	1.80307	1.80005	1.79974	1.79968

