Evaluation : N=246, type=float
MM_ijk	4.03106	3.92142	3.90096	3.90305	3.92637	3.77332	3.29869	3.26733	3.30481	3.26411	3.27147	3.26153	3.26581	3.28055	3.27159	3.26753

MM_ikj	1.42184	1.4342	1.41825	1.43635	1.41905	1.43863	1.41963	1.42536	1.43324	1.42252	1.43613	1.4222	1.44001	1.41984	1.43808	1.42185

MM_B_ijk	1.55032	1.53412	1.55814	1.53327	1.55207	1.53828	1.55196	1.53424	1.55422	1.53414	1.55037	1.53322	1.55049	1.67698	1.68941	1.57811

Evaluation : N=246, type=float
MM_ijk	4.15977	4.04591	4.06456	4.07683	3.90934	3.3138	3.25702	3.27009	3.26512	3.2745	3.26805	3.29572	3.25735	3.25894	3.26106	3.2664

MM_ikj	1.41664	1.48129	1.42231	1.43352	1.41639	1.43723	1.42925	1.43288	1.41387	1.47131	1.42559	1.43507	1.41556	1.44049	1.41875	1.4311

MM_B_ijk	1.54293	1.54619	1.53157	1.56076	1.53237	1.54329	1.5399	1.54805	1.53306	1.54618	1.53332	1.54444	1.53709	1.55098	1.52948	1.55392

Evaluation : N=246, type=float
MM_ijk	3.76151	3.3499	3.27543	3.28606	3.40501	3.27193	3.26665	3.26968	3.28061	3.45426	3.35779	3.29152	3.29151	3.27126	3.27752	3.27204

MM_ikj	1.41882	1.6892	1.6671	1.46833	1.42365	1.53457	1.49384	1.79095	1.55986	1.4626	1.42105	1.46474	1.4217	1.46074	1.41783	1.46625

MM_B_ijk	1.52694	1.60878	1.56725	1.60401	1.53493	1.60249	1.53355	1.60388	1.54661	1.60239	1.542	1.59487	1.59275	1.54611	1.60069	1.54089

