Evaluation : N=256, type=float
MM_ijk	4.17854	4.08718	3.48565	3.26294	3.25527	3.26704	3.28291	3.26582	3.25672	3.25806	3.27805	3.29274	3.28106	3.26791	3.28242	3.26901

MM_ikj	0.359976	0.347576	0.341033	0.338772	0.33775	0.342432	0.344394	0.386611	0.360404	0.341348	0.33803	0.338664	0.339942	0.345541	0.342876	0.393628

MM_B_ijk	1.52044	1.59825	1.52273	1.59089	1.53285	1.60144	1.59099	1.52123	1.59505	1.5201	1.59057	1.57861	1.52652	1.59152	1.52134	1.58918

Evaluation : N=256, type=float
MM_ijk	4.01781	3.92396	3.91433	3.88104	3.49443	3.30206	3.25688	3.26356	3.26	3.26954	3.267	3.25489	3.25355	3.26845	3.2799	3.26092

MM_ikj	0.340155	0.337749	0.34205	0.348896	0.384969	0.358236	0.3414	0.344849	0.339351	0.347432	0.338169	0.346011	0.386705	0.354624	0.34121	0.339242

MM_B_ijk	1.58523	1.52962	1.59662	1.518	1.5951	1.54031	1.56997	1.5906	1.52942	1.59074	1.52139	1.58839	1.58075	1.53309	1.5967	1.51705

