Evaluation : N=513, type=float
MM_ijk	3.86171	3.40894	3.41231	3.58344	3.4132	3.41515	3.41775	3.41728	3.41971	3.42764	3.42792	3.42747	3.42831	3.42036	3.42196	3.41569

MM_ikj	1.81308	1.81452	1.81704	1.81418	1.81482	2.68429	1.85853	1.84015	1.84954	1.83887	1.83231	1.83766	1.83277	1.83948	1.83225	1.8381

MM_B_ijk	1.57648	1.56924	1.57626	1.58281	1.57163	1.57591	1.57831	1.63062	1.56772	1.58129	1.68124	1.58184	1.58844	1.57647	1.58591	1.58605

Evaluation : N=513, type=float
MM_ijk	4.29551	3.981	4.15207	4.36305	4.01797	4.67708	4.58532	4.24985	4.12668	4.12784	4.02667	4.09306	4.66682	4.02513	4.15461	3.91769

MM_ikj	1.89863	1.8652	1.90935	1.87303	1.86661	1.87593	1.87647	1.90914	1.87653	1.86437	1.87431	1.86831	1.90426	1.88587	1.86386	1.87862

MM_B_ijk	1.5886	1.58482	1.60455	1.56063	1.55628	1.54979	1.55161	1.55209	1.5498	1.58614	1.55031	1.57918	1.55479	1.54983	1.55436	1.58672

