Evaluation : N=224, type=float
MM_ijk	3.89344	3.8277	3.81855	3.48173	3.08708	3.069	3.09091	3.07267	3.06572	3.10103	3.09845	3.10294	3.05231	3.09548	3.09653	3.10102

MM_ikj	0.344107	0.344475	0.342868	0.342596	0.349147	0.343253	0.351986	0.348877	0.418091	0.35221	0.352033	0.347354	0.342693	0.344619	0.342703	0.349299

MM_B_ijk	1.87692	1.79931	1.8886	1.81623	1.80631	1.8843	1.80052	1.89262	1.79956	1.89083	1.78989	1.89751	1.78796	1.88339	1.79976	1.8732

Evaluation : N=224, type=float
MM_ijk	3.82704	3.69513	3.66949	3.67967	3.66706	3.64834	3.53762	3.11868	3.05823	3.07436	3.0544	3.07063	3.07431	3.07268	3.05219	3.0655

MM_ikj	0.353122	0.343394	0.34838	0.362908	0.353646	0.344464	0.343112	0.344499	0.342935	0.351415	0.35132	0.345606	0.343075	0.343467	0.364714	0.347175

MM_B_ijk	1.79546	1.8222	1.80334	1.7998	1.81781	1.80472	1.81586	1.7989	1.82529	1.79304	1.81579	1.79624	1.80143	1.81374	1.8019	1.81522

Evaluation : N=224, type=float
MM_ijk	3.77388	3.68764	3.85721	3.23509	3.05337	3.12039	3.17668	3.24422	3.10605	3.0858	3.08911	3.09746	3.0853	3.06842	3.08817	3.09564

MM_ikj	0.343767	0.342673	0.349243	0.351295	0.344384	0.36665	0.393271	0.355865	0.351278	0.34322	0.346607	0.344357	0.342673	0.349564	0.34324	0.351843

MM_B_ijk	1.87956	1.79137	1.88824	1.79836	1.87265	1.79407	1.89002	1.79848	1.81725	1.86958	1.80383	1.88154	1.81689	1.88506	1.79014	1.89331

