Evaluation : N=10, type=float
MM_ijk	7.329	6.538	6.182	6.17	6.187	6.167	6.159	6.163	6.167	6.215	6.194	6.187	6.154	6.166	6.21	6.187

MM_ikj	5.783	5.049	4.746	4.73	4.726	4.746	4.713	4.702	4.706	4.706	4.758	4.726	4.714	4.705	4.71	4.697

MM_B_ijk	7.838	7.103	6.921	6.76	6.719	6.731	6.72	6.735	6.712	6.691	6.695	6.699	6.743	6.723	6.719	6.699

Evaluation : N=10, type=float
MM_ijk	2.431	2.22	2.171	2.143	2.131	2.135	2.135	2.143	2.135	2.129	2.131	2.131	2.129	2.141	2.137	2.131

MM_ikj	1.956	1.653	1.525	1.517	1.503	1.514	1.506	1.508	1.509	1.507	1.519	1.511	1.514	1.514	1.513	1.509

MM_B_ijk	2.537	2.295	2.202	2.161	2.167	2.166	2.182	2.172	2.176	2.176	2.176	2.176	2.171	2.171	2.171	2.173

Evaluation : N=10, type=float
MM_ijk	2.309	2.036	1.997	1.98	1.992	1.978	1.979	1.986	1.992	1.981	1.976	1.985	1.98	1.971	1.97	1.973

MM_ikj	1.907	1.663	1.519	1.521	1.507	1.511	1.519	1.507	1.506	1.501	1.507	1.514	1.503	1.501	1.503	1.506

MM_B_ijk	2.51	2.293	2.225	2.202	2.201	2.208	2.199	2.196	2.197	2.19	2.193	2.191	2.19	2.193	2.187	2.192

