Evaluation : N=146, type=float
MM_ijk	3.57436	3.3061	3.282	3.16294	3.08166	2.97861	2.99586	3.13003	2.91218	2.92098	2.9421	2.95187	2.97522	3.02134	3.05319	2.91466

MM_ikj	1.32954	1.36781	1.34384	1.36053	1.3298	1.33234	1.3293	1.32923	1.36931	1.33058	1.37204	1.40971	1.54684	1.34846	1.36618	1.32934

MM_B_ijk	1.54214	1.52296	1.62835	1.52533	1.5574	1.79545	1.55869	1.59735	1.52256	1.52811	1.52304	1.55027	1.52488	1.55593	1.6023	1.79416

Evaluation : N=146, type=float
MM_ijk	3.71899	3.652	3.71873	3.66153	3.61158	3.65975	3.74452	3.62655	3.67862	3.69903	3.91717	3.76361	3.62628	3.64303	3.75334	3.62555

MM_ikj	1.69142	1.65659	1.72934	1.65559	1.71949	1.69589	1.65133	1.65743	1.65141	1.64823	1.65207	1.67779	1.65309	1.72052	1.69338	1.65848

MM_B_ijk	1.88856	1.87643	1.62811	1.63076	1.6598	1.65198	1.66286	1.56656	1.53156	1.52314	1.52582	1.52264	1.55751	2.03746	1.60537	1.58347

Evaluation : N=146, type=float
MM_ijk	3.71559	3.67786	3.66377	3.77409	3.63133	3.65774	3.67266	3.70313	3.61202	3.6505	3.68978	3.85157	3.61056	3.66211	3.79791	3.19805

MM_ikj	1.42182	1.42443	1.42429	1.39999	1.35933	1.33883	1.33259	1.41347	1.35301	1.34791	1.34156	1.32933	1.33212	1.32929	1.35794	1.36097

MM_B_ijk	1.53121	1.54152	1.59669	1.56717	1.53494	1.52283	1.52685	1.57028	1.53917	1.53311	1.52879	1.58717	1.60505	1.53726	1.52308	1.52548

