Evaluation : N=180, type=float
MM_ijk	3.78497	3.63016	3.71022	3.63253	3.69381	3.69742	3.82403	3.63424	3.73487	3.66187	3.73858	3.61449	3.75145	3.15428	3.08577	2.96895

MM_ikj	0.352507	0.391239	0.385025	0.348333	0.364273	0.347652	0.347373	0.348417	0.351017	0.34755	0.358264	0.413079	0.406582	0.362395	0.349805	0.373864

MM_B_ijk	1.53256	1.52732	1.53971	1.6309	1.64841	1.53105	1.52687	1.53904	1.6966	1.58367	1.53238	1.52718	1.55502	1.70021	1.56396	1.53115

Evaluation : N=180, type=float
MM_ijk	3.70894	3.72422	3.63491	3.70574	3.61931	3.72676	3.81053	3.77008	3.67026	3.73141	3.66756	3.70391	3.69467	3.31656	3.18372	2.92128

MM_ikj	0.440276	0.346611	0.345938	0.345941	0.368032	0.425694	0.387097	0.352325	0.361275	0.363553	0.346932	0.345932	0.352614	0.362374	0.345946	0.345928

MM_B_ijk	1.53136	1.52822	1.69201	1.57013	1.52972	1.52581	1.54187	1.59545	1.55532	1.52926	1.52589	1.5414	1.56593	1.54841	1.53204	1.54251

Evaluation : N=180, type=float
MM_ijk	4.12142	4.12518	4.26652	4.11407	4.41658	4.00155	4.35683	4.04331	3.80177	3.44802	3.5582	3.41225	3.36306	3.47116	3.3911	3.47844

MM_ikj	0.41605	0.419504	0.35725	0.357437	0.360297	0.51634	0.346006	0.423645	0.3513	0.392641	0.408928	0.355117	0.387604	0.383845	0.750042	0.60934

MM_B_ijk	2.02709	2.07397	2.05372	2.43414	1.86982	1.73009	2.16242	2.3468	1.87207	1.81132	2.38491	2.22743	1.82716	1.77813	2.47637	1.85681

