Evaluation : N=187, type=float
MM_ijk	4.03592	3.8748	3.95458	3.9348	3.96049	3.93093	3.92934	3.96291	3.8677	3.93148	3.76095	3.28194	3.14017	3.27024	3.10362	3.18757

MM_ikj	1.85403	1.86697	1.96269	1.84784	1.85414	1.95648	1.88211	1.8466	1.86077	1.96825	1.86088	1.85365	1.86665	1.96342	1.84764	1.85369

MM_B_ijk	1.67692	1.59065	1.54057	1.539	1.55898	1.67312	1.53202	1.53284	1.53672	1.67103	1.55882	1.53175	1.5398	1.55897	1.68787	1.53295

Evaluation : N=187, type=float
MM_ijk	3.66924	3.50521	3.47722	3.47922	3.70971	3.99528	3.84885	3.89068	3.86002	3.90801	3.88904	3.8547	3.90682	3.85196	3.37037	3.12387

MM_ikj	1.86173	1.90273	1.85037	1.84529	1.88224	1.88851	1.85138	1.85937	1.89675	1.85743	1.84653	1.85948	1.90315	1.85212	1.85362	1.87834

MM_B_ijk	1.56495	1.52742	1.55507	1.5373	1.56975	1.52813	1.52314	1.53737	1.55363	1.54398	1.52717	1.5232	1.53835	1.59151	1.52698	1.52416

Evaluation : N=187, type=float
MM_ijk	4.03443	4.213	4.45645	4.47132	4.5206	4.39509	4.56299	4.01105	3.48969	3.18962	3.22449	3.13086	3.19584	3.1166	3.18991	3.10078

MM_ikj	1.86067	1.98573	1.84724	1.87094	1.95379	1.97202	1.8611	1.84706	2.03485	1.84725	1.85471	1.9522	1.9096	1.84839	1.8701	1.96753

MM_B_ijk	1.57558	1.53384	1.54332	1.69204	1.58248	1.54244	1.5529	1.55759	1.70003	1.55421	1.54244	1.54751	1.69284	1.57082	1.54827	1.55796

