Evaluation : N=227, type=float
MM_ijk	3.94388	3.85393	3.8656	3.86043	3.82985	3.83176	3.63319	3.2757	3.24243	3.18971	3.2099	3.2158	3.20749	3.21121	3.20101	3.19437

MM_ikj	1.86785	1.84953	1.9083	1.83194	1.87799	1.83044	1.87526	1.83551	1.87878	1.84299	1.86307	1.83665	1.86619	1.83965	1.86536	1.84217

MM_B_ijk	1.53803	1.55921	1.52442	1.56856	1.54279	1.53797	1.55875	1.53568	1.55965	1.5257	1.53685	1.5593	1.52632	1.57062	1.5242	1.53698

Evaluation : N=227, type=float
MM_ijk	4.04574	3.98551	4.00573	3.97788	4.03114	3.9583	3.3351	3.19756	3.22274	3.2103	3.20445	3.19897	3.20998	3.20095	3.21146	3.21111

MM_ikj	1.83432	1.88205	1.83967	1.86858	1.83094	1.87799	1.83295	1.86534	1.84374	2.13102	1.97801	1.92754	1.84238	1.9046	1.84413	1.89597

MM_B_ijk	1.54801	1.5484	1.6197	1.53411	1.61624	1.54406	1.54548	1.62147	1.53464	1.63142	1.53874	1.60774	1.56956	1.53804	1.62576	1.53779

Evaluation : N=227, type=float
MM_ijk	4.08208	3.99049	4.01126	4.00246	3.99312	3.98698	3.38599	3.22977	3.27028	3.21948	3.18702	3.22934	3.22847	3.23426	3.22728	3.21107

MM_ikj	1.85417	1.91862	1.84693	1.89332	1.85829	1.88253	1.87003	1.84739	1.903	1.84697	1.90572	1.84257	1.90665	1.84428	1.91283	1.84993

MM_B_ijk	1.62871	1.52991	1.62385	1.53551	1.53793	1.62659	1.53787	1.61037	1.54417	1.54538	1.62083	1.53002	1.63314	1.53886	1.54602	1.62045

