Evaluation : N=191, type=float
MM_ijk	3.66099	3.34519	3.26208	3.12102	3.17364	3.14831	3.18746	3.11555	3.18493	3.14241	3.16398	3.1456	3.15236	3.15844	3.12283	3.17817

MM_ikj	1.85655	1.98023	1.8996	1.84704	1.86456	1.99025	1.84445	1.87664	1.94815	1.89386	1.91768	1.87072	1.96229	1.84567	2.00601	1.95896

MM_B_ijk	1.55717	1.53548	1.56186	1.6945	1.5501	1.54986	1.54969	1.67889	1.56821	1.55074	1.54939	1.68938	1.55252	1.53457	1.5657	1.68853

Evaluation : N=191, type=float
MM_ijk	3.8513	3.28129	3.36108	3.19245	3.17984	3.27738	3.19765	3.11895	3.16773	3.12479	3.16735	3.11645	3.16462	3.11672	3.19402	3.11615

MM_ikj	1.97396	1.8832	1.84516	1.87003	1.91086	1.8481	1.8564	1.89322	1.86756	1.85747	1.89637	1.90962	1.853	1.87103	1.90174	1.85967

MM_B_ijk	1.53492	1.55008	1.59613	1.54795	1.54714	1.53479	1.57572	1.57623	1.53504	1.54872	1.57561	1.57181	1.55385	1.95748	1.80134	1.56372

Evaluation : N=191, type=float
MM_ijk	4.07597	3.88256	4.03092	3.93171	3.93104	3.6539	3.22974	3.22673	3.12601	3.18505	3.10787	3.20265	3.1188	3.1779	3.13824	3.18683

MM_ikj	1.88775	1.85657	1.94205	1.88392	1.84428	1.86144	2.03041	2.01821	1.87307	1.88321	1.92869	1.9046	1.85159	1.98184	1.87343	1.8623

MM_B_ijk	1.55912	1.58496	1.53772	1.54863	1.75679	1.92382	2.72995	1.99737	1.56067	1.53845	1.60048	1.68225	1.57263	1.53695	1.59843	1.84044

