Evaluation : N=17, type=float
MM_ijk	4.97415	2.11948	2.1205	2.11358	2.1091	2.10788	2.10279	2.10523	2.10564	2.11358	2.11154	2.10482	2.1036	2.10564	2.10788	2.10808

MM_ikj	2.40505	2.30287	2.3045	2.30328	2.30043	2.2988	2.29432	2.29595	2.29676	2.30246	2.30287	2.30083	2.29636	2.29391	2.29473	2.29961

MM_B_ijk	1.95542	1.89721	1.87462	1.85813	1.85895	1.85895	1.84734	1.83574	1.83371	1.82027	1.82027	1.83106	1.82149	1.82394	1.83961	1.82638

Evaluation : N=17, type=float
MM_ijk	4.84307	2.12823	2.12375	2.12599	2.11805	2.11643	2.1262	2.11968	2.11928	2.11561	2.10686	2.11256	2.10971	2.11561	2.11358	2.12172

MM_ikj	2.39202	2.30328	2.30592	2.30002	2.29758	2.29351	2.29473	2.29717	2.30165	2.30145	2.29758	2.29432	2.29229	2.29758	2.30165	2.30124

MM_B_ijk	1.95461	1.89599	1.89334	1.87665	1.86302	1.84714	1.86627	1.86424	1.82679	1.83839	1.8335	1.82536	1.8449	1.84388	1.82475	1.84002

Evaluation : N=17, type=float
MM_ijk	4.94667	2.1956	2.19947	2.19906	2.19866	2.19377	2.1895	2.19194	2.19906	2.19662	2.1952	2.19398	2.19153	2.19031	2.19174	2.19845

MM_ikj	2.49481	2.39406	2.39284	2.39813	2.39894	2.3965	2.39121	2.3908	2.39324	2.39792	2.39976	2.39528	2.39243	2.39039	2.39243	2.39528

MM_B_ijk	2.04091	1.96458	1.93914	1.91349	1.90454	1.89558	1.90372	1.90983	1.89803	1.89457	1.90332	1.89253	1.90535	1.91024	1.89884	1.91146

