Evaluation : N=140, type=float
MM_ijk	3.66072	3.52692	3.60503	3.48486	3.37616	3.38357	3.47655	3.49091	3.40858	3.37125	3.37092	3.41479	3.53013	3.60644	3.48073	3.36957

MM_ikj	0.603192	0.602493	0.607728	0.632215	0.615653	0.645844	0.608772	0.611693	0.653488	0.614123	0.602599	0.602478	0.60227	0.612278	0.602648	0.602366

MM_B_ijk	1.83029	1.82547	1.82972	1.92106	1.85467	1.92984	1.89668	1.82559	1.83565	1.83111	1.82535	1.86121	1.82552	1.86086	1.88143	1.94953

Evaluation : N=140, type=float
MM_ijk	3.91291	4.33815	4.2986	3.89698	3.89491	4.03269	4.42926	4.01422	3.96416	4.72762	4.82544	4.72963	4.61786	5.11476	4.60228	4.6704

MM_ikj	1.14166	1.12529	0.975539	0.784707	0.918099	0.972262	0.970253	1.06981	0.930153	1.08603	0.968863	1.04282	1.02152	1.16591	1.18954	0.989128

MM_B_ijk	4.1046	3.76631	4.22816	4.12197	4.52891	3.58567	3.80284	3.59037	3.09215	3.59736	3.54616	3.73911	2.36686	2.16251	3.17298	3.71998

Evaluation : N=140, type=float
MM_ijk	3.89498	3.59223	3.77966	3.61389	3.64026	3.51591	3.85893	3.72867	3.5965	3.51522	3.57523	3.84196	3.5289	3.50697	3.5524	3.57104

MM_ikj	0.635829	0.652291	0.723495	0.62822	0.627411	0.627653	0.627577	0.637016	0.627712	0.627514	0.64928	0.67688	0.635494	0.626472	0.626347	0.626291

MM_B_ijk	1.96739	1.90223	2.00276	1.92456	1.93824	1.9109	1.89862	1.9033	1.89856	1.97704	1.91938	1.99599	1.96821	2.58411	1.96269	2.49899

