Evaluation : N=181, type=float
MM_ijk	3.78681	3.76497	3.68698	3.74263	3.69331	3.80792	3.70307	3.75914	3.69021	3.76459	3.69078	3.73807	3.46584	3.29518	3.07992	3.21652

MM_ikj	1.87815	1.85058	1.8772	1.89029	1.89304	1.85087	1.87586	1.88841	1.88979	1.85006	1.87833	1.88845	1.88407	1.84902	1.86146	1.8821

MM_B_ijk	1.58046	1.52577	1.52371	1.55545	1.56332	1.55697	1.52891	1.52344	1.5563	1.56342	1.55333	1.52877	1.52409	1.55563	1.5703	1.55493

Evaluation : N=181, type=float
MM_ijk	3.94349	3.81058	3.68631	3.74288	3.68705	3.85444	3.67978	3.75968	3.69722	3.75212	4.10644	4.22718	3.29972	3.20124	3.08759	3.18114

MM_ikj	1.86702	1.85644	1.92969	1.89685	1.87525	1.84839	1.87655	1.88521	1.89322	1.85014	1.87135	1.88864	1.86005	1.85011	1.87079	1.88738

MM_B_ijk	2.11156	2.64025	2.04748	2.07963	2.53163	1.59259	1.70349	1.58753	1.5275	1.7057	1.58734	2.29693	1.59724	1.62002	1.72755	2.57744

Evaluation : N=181, type=float
MM_ijk	4.79666	4.36721	4.53897	4.23529	5.28259	5.01535	4.89224	5.10472	5.18357	4.92087	5.24378	4.52087	4.93542	5.00235	4.58342	4.88074

MM_ikj	3.143	2.57949	2.33661	2.63405	2.33166	2.22495	2.46004	2.23096	2.01511	2.33087	2.11772	2.04105	2.09577	2.26598	2.04372	2.09447

MM_B_ijk	1.67119	1.98442	1.65957	1.75459	1.66661	2.88388	3.23165	3.05373	1.94298	1.96837	2.01698	1.98993	2.05222	1.73111	1.9591	1.83051

