Evaluation : N=249, type=float
MM_ijk	3.90542	3.7096	3.7258	3.70348	3.74527	3.56701	3.23773	3.23893	3.24811	3.23988	3.25823	3.25698	3.25512	3.24156	3.26336	3.24759

MM_ikj	1.89557	1.83688	1.88977	1.88657	1.83979	1.886	1.8823	1.85069	1.88983	1.85343	1.86972	1.89478	1.83163	1.8885	1.91935	1.83549

MM_B_ijk	1.62491	1.54697	1.60632	1.59339	1.55413	1.60438	1.54289	1.74606	1.64087	1.59595	1.58471	1.62402	1.54435	1.60844	1.5989	1.55302

Evaluation : N=249, type=float
MM_ijk	4.10136	4.04286	3.7091	3.24767	3.23097	3.22997	3.27358	3.22901	3.23974	3.22731	3.23653	3.22513	3.22551	3.22877	3.23145	3.2252

MM_ikj	1.84869	1.85033	1.84155	1.84645	1.83565	1.84666	1.85866	1.83833	1.84654	1.8525	1.8363	1.88442	1.84304	1.85282	1.8561	1.83629

MM_B_ijk	1.5507	1.53835	1.54958	1.54252	1.54491	1.55523	1.54185	1.5487	1.66164	1.6448	1.534	1.60348	1.54118	1.57038	1.53789	1.71559

Evaluation : N=249, type=float
MM_ijk	4.10638	4.04063	4.02787	4.02068	3.83306	3.26134	3.23899	3.27024	3.24096	3.24511	3.24358	3.37623	3.37921	3.23388	3.23928	3.23774

MM_ikj	1.89447	1.83503	1.88224	1.88391	1.83403	1.88491	1.88397	1.83531	1.8844	1.84822	1.86867	1.88905	1.83505	1.88319	1.88836	1.84064

MM_B_ijk	1.60473	1.53696	1.61083	1.55553	1.59157	1.60676	1.53451	1.60474	1.54532	1.60749	1.5328	1.61701	1.53647	1.60847	1.54122	1.6077

