Evaluation : N=260, type=float
MM_ijk	4.03779	3.94696	3.93619	3.95754	3.40864	3.18225	3.162	3.17379	3.18237	3.18056	3.16268	3.17448	3.1803	3.17183	3.17464	3.16738

MM_ikj	0.349885	0.36113	0.353923	0.344118	0.344344	0.343815	0.343169	0.35164	0.349272	0.354548	0.360584	0.345199	0.343431	0.343773	0.347178	0.348222

MM_B_ijk	1.5387	1.54254	1.524	1.54196	1.52195	1.53808	1.53693	1.52651	1.56724	1.51656	1.54911	1.53316	1.52107	1.54378	1.51931	1.53732

Evaluation : N=260, type=float
MM_ijk	4.06672	3.95381	3.97347	3.94215	3.32759	3.193	3.17995	3.18106	3.21	3.18487	3.17799	3.18965	3.19485	3.18736	3.17554	3.17605

MM_ikj	0.363379	0.381785	0.351709	0.344915	0.342932	0.346815	0.344456	0.35166	0.389554	0.375243	0.343862	0.344788	0.34676	0.343451	0.353163	0.387918

MM_B_ijk	1.53437	1.58792	1.52439	1.58736	1.58515	1.52507	1.60318	1.52954	1.57956	1.5863	1.5243	1.58666	1.53051	1.57885	1.59387	1.52171

