Evaluation : N=333, type=float
MM_ijk	4.21988	4.17202	3.45258	3.35767	3.3546	3.35448	3.33972	3.35968	3.36084	3.35513	3.34781	3.38043	3.36235	3.34986	3.34691	3.35713

MM_ikj	1.86634	1.84319	1.86862	1.84425	1.86828	1.84034	1.87371	1.84322	1.86765	1.84486	1.86278	1.84243	1.86193	1.84168	1.8733	1.84216

MM_B_ijk	1.57672	1.55046	1.54483	1.54966	1.55376	1.54442	1.54532	1.54595	1.55239	1.54238	1.55013	1.55807	1.54646	1.54213	1.55265	1.5519

Evaluation : N=333, type=float
MM_ijk	4.23413	3.59477	3.44118	3.80721	4.61301	4.655	4.25272	4.24496	3.74764	3.65807	3.85163	3.63384	4.05126	4.45937	4.11392	4.02752

MM_ikj	2.21992	2.13326	2.13297	2.01478	2.0149	2.02375	2.45837	2.43452	2.25578	2.03838	1.97084	1.92802	1.94524	1.90685	1.88061	1.9205

MM_B_ijk	1.63023	1.63954	1.64356	1.59389	1.59241	1.62564	1.5853	1.57981	1.62031	1.58404	1.58808	1.58426	1.62211	1.5792	1.57921	1.6093

