Evaluation : N=500, type=float
MM_ijk	3.64985	3.42471	3.4351	3.48669	3.50111	3.50436	3.56863	3.4313	3.43507	3.43266	3.42072	3.43984	3.42083	3.42962	3.43528	3.45167

MM_ikj	0.427863	0.427957	0.433047	0.431955	0.42954	0.428342	0.430016	0.441339	0.436785	0.428467	0.428094	0.42917	0.431636	0.435558	0.427846	0.427859

MM_B_ijk	1.55343	1.56048	1.56152	1.56514	1.56689	1.55346	1.55404	1.55782	1.83599	1.67576	1.56634	1.55527	1.60449	1.61084	1.59185	1.5585

Evaluation : N=500, type=float
MM_ijk	3.66597	3.38638	3.3814	3.58735	3.42846	3.48979	3.39873	3.40057	3.3959	3.39562	3.3985	3.39483	3.44929	3.39223	3.39245	3.38492

MM_ikj	0.378001	0.380874	0.379191	0.379463	0.378894	0.394449	0.378304	0.380417	0.3808	0.378904	0.378529	0.378973	0.379652	0.380344	0.378696	0.378465

MM_B_ijk	1.57704	1.55444	1.54869	1.55092	1.55732	1.55311	1.55094	1.56423	1.54859	1.54888	1.55079	1.57839	1.5501	1.55314	1.56018	1.55073

