Evaluation : N=292, type=float
MM_ijk	4.06656	3.82367	3.23332	3.25653	3.22038	3.2412	3.23852	3.23655	3.2178	3.23118	3.25597	3.23237	3.37227	3.33582	3.2206	3.24903

MM_ikj	0.390276	0.36418	0.418998	0.355069	0.371499	0.344808	0.397611	0.379378	0.392618	0.359882	0.371523	0.386408	0.375536	0.389801	0.349214	0.365717

MM_B_ijk	2.24503	1.98314	1.75231	1.68322	1.63247	1.63362	1.64025	1.60657	1.63814	1.63722	1.63676	1.66737	1.64109	1.57477	1.6689	1.64038

Evaluation : N=292, type=float
MM_ijk	3.90364	3.85993	3.84242	3.47962	3.29358	3.22123	3.21644	3.21205	3.21673	3.22307	3.21953	3.20792	3.2217	3.2158	3.22289	3.21624

MM_ikj	0.351387	0.344462	0.343035	0.351286	0.35055	0.358022	0.345133	0.343507	0.351185	0.345927	0.359226	0.346251	0.344184	0.345951	0.348465	0.360022

MM_B_ijk	1.62796	1.56438	1.56091	1.5556	1.55379	1.55442	1.55417	1.54593	1.54429	1.54954	1.55074	1.55368	1.55672	1.55497	1.54554	1.54624

