Evaluation : N=276, type=float
MM_ijk	3.71954	3.24561	3.23339	3.2112	3.23393	3.21385	3.21478	3.20347	3.21599	3.20277	3.22066	3.20566	3.21479	3.2009	3.22075	3.20363

MM_ikj	0.387133	0.351069	0.34477	0.344092	0.342973	0.350922	0.385748	0.356981	0.344873	0.343553	0.343119	0.350746	0.384636	0.355719	0.345641	0.34725

MM_B_ijk	1.76795	1.58088	1.55805	1.58679	1.61208	1.59395	1.55285	1.62899	2.2627	1.5476	1.54748	1.53695	1.55219	1.55281	1.53764	1.54861

Evaluation : N=276, type=float
MM_ijk	3.99255	3.54099	3.27945	3.20028	3.2009	3.20494	3.19397	3.19967	3.21433	3.19621	3.191	3.20114	3.1922	3.20267	3.18928	3.19726

MM_ikj	0.34397	0.351823	0.344106	0.345011	0.356048	0.347812	0.344084	0.347532	0.347765	0.343202	0.356555	0.350418	0.344297	0.348955	0.344155	0.34663

MM_B_ijk	1.55281	1.54484	1.54766	1.54273	1.56194	1.55232	1.54225	1.54622	2.09919	1.55684	1.55176	1.54589	1.54641	1.55318	1.53863	1.54651

