Evaluation : N=88, type=float
MM_ijk	3.0998	2.94267	3.10558	2.90427	2.80382	3.0444	2.74916	2.75043	2.74856	2.82031	2.75402	2.75189	2.75394	2.75048	2.77944	2.75025

MM_ikj	0.42577	0.424359	0.424422	0.424556	0.424361	0.424475	0.42542	0.425532	0.425671	0.425546	0.425654	0.425601	0.42563	0.425681	0.425651	0.425453

MM_B_ijk	1.84747	2.00596	1.84649	1.98133	1.84631	1.85778	1.8463	1.84632	1.878	1.87133	1.89607	2.02299	1.99131	1.8539	1.85189	2.0394

Evaluation : N=88, type=float
MM_ijk	3.52729	3.04147	3.08305	2.85814	2.859	2.85825	2.85699	2.91278	2.86136	2.85924	2.86105	2.85917	2.89026	2.86075	2.98326	2.85755

MM_ikj	0.442304	0.441576	0.441738	0.441418	0.480962	0.441525	0.441527	0.493325	0.518605	0.441764	0.441531	0.441688	0.441532	0.441662	0.501889	0.620178

MM_B_ijk	2.95693	2.07346	1.95726	2.23839	2.05248	2.28342	1.91995	1.92092	1.9178	1.98641	1.92066	1.91948	1.91962	1.9192	1.92045	1.91952

Evaluation : N=88, type=float
MM_ijk	3.42168	3.19954	2.93612	2.93572	2.94481	2.85555	2.82995	2.83041	2.82957	2.83051	2.92612	2.82815	2.82879	2.85563	2.64613	2.68077

MM_ikj	0.409358	0.408731	0.408711	0.408702	0.408592	0.408701	0.409458	0.428147	0.576047	0.649007	0.649387	0.634939	0.600242	0.409808	0.41386	0.416539

MM_B_ijk	1.85533	1.98275	1.93561	1.72963	1.85241	1.75678	1.65545	1.65393	1.65543	1.70937	1.65518	1.65484	1.65491	1.68286	1.60026	1.59976

