Evaluation : N=142, type=float
MM_ijk	3.54848	3.479	3.24806	3.20864	3.22983	3.25332	3.41923	3.24016	3.20821	3.24974	3.26343	3.42033	3.21225	3.20706	3.33433	3.35022

MM_ikj	1.50993	1.49725	1.49086	1.4723	1.47892	1.47222	1.49541	1.47403	1.50884	1.52024	1.68501	1.59144	1.51146	1.47995	1.48024	1.47215

MM_B_ijk	1.72888	1.72744	1.70199	2.02221	1.75102	1.77829	1.69258	1.69861	1.69204	1.72368	1.72468	1.72812	2.01955	1.77847	1.7445	1.69222

Evaluation : N=142, type=float
MM_ijk	3.72296	3.59055	3.63163	3.89903	3.61053	3.91538	4.13707	4.40967	4.08883	4.10022	4.13318	4.57859	4.08332	4.08107	4.38241	4.16612

MM_ikj	1.87496	1.90028	1.92683	1.91787	1.88271	2.1806	2.03774	1.90678	1.87426	1.88238	1.90674	1.87592	1.67815	1.68708	1.78674	1.66298

MM_B_ijk	1.99239	1.69049	1.62753	1.59413	1.59662	1.58872	1.61491	2.03862	1.805	1.77907	1.73005	1.68428	2.05426	1.74997	1.66933	1.88561

Evaluation : N=142, type=float
MM_ijk	3.97807	3.84773	3.59205	3.46945	3.4795	3.42937	3.25882	3.11622	3.13519	3.17764	3.25039	3.03231	3.06003	3.03562	3.09143	3.05321

MM_ikj	1.33078	1.32977	1.33329	1.32983	1.39505	1.32993	1.35488	1.33064	1.40769	1.39234	1.84829	1.97874	1.56796	1.35552	1.35578	1.34958

MM_B_ijk	1.53825	1.61189	1.57838	1.79618	1.55026	1.60417	1.53773	1.54526	1.57622	1.56858	1.5283	1.53769	1.57313	1.7155	1.5845	1.63457

