Evaluation : N=86, type=float
MM_ijk	3.52499	3.37678	3.39144	3.59408	3.33386	3.52086	3.36604	3.38295	3.29734	3.2969	3.29689	3.29664	3.36474	3.33535	3.33518	3.33521

MM_ikj	1.70704	1.66013	1.66021	1.66017	1.6601	1.66013	1.79419	1.66018	1.80845	1.6601	1.66014	1.66216	1.66016	1.71058	1.67735	1.7293

MM_B_ijk	2.37933	1.90424	1.90322	1.90811	2.06055	1.98788	1.88663	1.88589	2.01181	1.91036	1.8864	1.88671	1.88603	1.88666	1.88636	1.93498

Evaluation : N=86, type=float
MM_ijk	3.69037	3.49481	3.48051	3.43211	3.32873	3.32886	3.36941	3.33577	3.33569	3.33577	3.45712	3.39735	3.46283	3.32853	3.44745	3.65674

MM_ikj	1.82429	1.66877	1.67245	1.81432	2.10785	1.7348	1.6602	1.6601	1.66014	1.66018	1.66017	1.66009	1.66006	1.66009	1.69265	1.6603

MM_B_ijk	1.8886	1.88617	1.88683	1.8872	1.88713	1.8865	2.03758	1.8864	1.88615	1.88704	1.88712	1.88662	1.88553	1.99567	2.18574	1.8867

Evaluation : N=86, type=float
MM_ijk	3.68419	3.5013	3.44077	3.4035	3.36063	3.36561	3.36241	3.45502	3.36383	3.3666	3.41479	3.37731	3.43019	3.25001	3.2207	3.3975

MM_ikj	1.84027	1.59642	1.59642	1.59635	1.59626	1.59631	1.5964	1.59627	1.62622	1.5969	1.59634	1.59633	1.59624	1.59626	1.59643	1.59633

MM_B_ijk	1.81592	1.86808	1.81405	1.81393	1.81437	1.81356	1.81382	1.81387	1.81437	2.20863	1.8139	1.81433	1.81353	1.81529	1.83094	1.83806

