Evaluation : N=53, type=float
MM_ijk	3.27513	3.06423	2.92171	3.29822	2.76621	2.71499	2.69917	2.77559	2.72742	2.98715	3.08327	2.63968	2.68274	2.84365	2.81718	2.91026

MM_ikj	1.9702	1.96768	1.96825	1.96768	1.96799	1.96802	1.96766	1.96829	1.9676	1.96813	1.9679	1.96762	1.96811	1.96758	1.96795	1.96793

MM_B_ijk	1.70422	1.70036	1.70001	1.69966	1.70002	1.69968	1.94439	1.70011	1.69964	1.69993	1.69991	1.69993	1.97789	1.76394	1.76409	1.76313

Evaluation : N=53, type=float
MM_ijk	4.7984	3.90717	3.89655	2.80839	2.80654	2.8089	2.8063	2.80764	2.8063	2.8087	2.80498	2.96598	3.14151	2.80804	2.80509	3.16493

MM_ikj	2.25592	3.91979	2.44031	2.2247	2.22447	2.22431	2.22416	2.22424	2.22425	2.2244	2.22439	2.22429	2.22412	2.22402	2.22416	2.22434

MM_B_ijk	1.95342	1.90481	1.9032	1.90446	1.90272	1.90338	1.90291	1.9024	1.90252	1.90372	2.24481	2.16376	8.50955	1.90416	2.31025	1.9136

Evaluation : N=53, type=float
MM_ijk	3.16991	2.80794	2.80649	3.00488	2.69728	2.69906	2.6978	2.70058	2.69725	2.69993	2.6977	2.70012	2.69716	2.69955	2.69818	2.70055

MM_ikj	2.12064	2.40685	2.23411	2.42419	2.1387	2.13911	2.13876	2.13854	2.13899	2.13896	2.13851	2.13887	2.13907	2.13858	2.13864	2.13901

MM_B_ijk	1.83637	1.83281	1.83056	1.82977	1.88331	1.83216	1.82965	1.83044	1.83106	1.83218	1.82992	2.03917	2.33892	1.76295	1.76374	1.97014

