Evaluation : N=119, type=float
MM_ijk	3.62705	3.41648	3.40148	3.41183	3.57967	3.47721	3.47709	3.41233	3.4008	3.41157	3.4687	3.43525	3.7407	3.51239	3.40197	3.4264

MM_ikj	2.25994	2.27273	2.25953	2.33259	2.25994	2.27322	2.36925	2.32615	2.72083	2.26242	2.28881	2.26002	2.27258	2.26074	2.25949	2.2712

MM_B_ijk	1.88404	1.91586	1.9651	1.85265	1.85731	1.82835	1.82873	1.83874	1.82947	1.82976	1.84901	1.95123	1.83242	1.89787	1.82879	1.8334

Evaluation : N=119, type=float
MM_ijk	3.66262	3.52883	3.41114	3.31077	3.45606	3.32286	3.27919	3.1688	3.15868	3.1663	3.12294	3.12787	3.14464	3.20001	3.06363	2.94738

MM_ikj	2.03893	1.99699	1.89541	1.90358	1.89503	1.91791	1.9505	1.89625	1.93622	2.02922	1.91469	1.97113	1.91638	2.03701	1.99313	1.95948

MM_B_ijk	1.53731	1.54894	1.53341	1.53377	1.54523	1.53389	1.5343	1.62813	1.71932	1.56724	1.58082	1.67124	1.53542	1.53488	1.54349	1.53332

Evaluation : N=119, type=float
MM_ijk	3.69705	5.0028	4.06067	3.60446	4.46056	3.92397	3.62941	4.89862	4.28897	3.53711	4.55301	3.93326	3.58057	4.64173	4.42317	4.55217

MM_ikj	3.56178	2.83668	2.39392	3.01736	2.78235	2.75067	2.58173	3.56431	2.9191	2.90637	2.3645	2.38953	3.29515	2.66342	2.70936	2.43351

MM_B_ijk	3.44625	2.90408	2.61099	1.93875	1.99164	2.90495	2.07287	2.34732	1.86179	1.70284	2.29757	2.38468	2.89944	2.35785	1.81172	2.54961

