Evaluation : N=238, type=float
MM_ijk	3.75846	3.62265	3.6513	3.61052	3.63258	3.60417	3.44018	3.24387	3.25958	3.25866	3.25067	3.24814	3.24874	3.258	3.29576	3.2524

MM_ikj	1.45573	1.41556	1.45052	1.4267	1.456	1.44147	1.42075	1.43783	1.41463	1.44376	1.42229	1.42343	1.44852	1.42449	1.43906	1.41471

MM_B_ijk	1.55269	1.53736	1.55281	1.53847	1.53605	1.55385	1.53615	1.55239	1.5358	1.5507	1.52751	1.56205	1.52767	1.55267	1.53697	1.55131

Evaluation : N=238, type=float
MM_ijk	4.13831	4.05019	4.04857	4.07781	4.05919	3.38082	3.2665	3.26981	3.27	3.26373	3.26508	3.26744	3.25902	3.27353	3.27246	3.26235

MM_ikj	1.44585	1.43093	1.4502	1.45336	1.43107	1.45226	1.42218	1.44775	1.42486	1.43524	1.44545	1.42786	1.44886	1.4209	1.44501	1.42433

MM_B_ijk	1.55872	1.54548	1.54349	1.56058	1.56396	1.56328	1.54298	1.56916	1.53562	1.5676	1.5327	1.5616	1.5407	1.5597	1.54711	1.54287

Evaluation : N=238, type=float
MM_ijk	4.60076	4.1505	4.27696	4.08385	4.06724	3.65865	3.41536	3.26582	3.25985	3.25583	3.25696	3.4996	3.27337	3.60117	3.44619	3.26984

MM_ikj	1.43333	1.44649	1.45855	1.42527	1.47778	1.42756	1.47407	1.42558	1.46637	1.45295	1.42533	1.48451	1.41757	1.48334	1.4163	1.47576

MM_B_ijk	1.54669	1.57479	1.58918	1.5481	1.62166	1.54509	1.62401	1.53594	1.62494	1.53526	1.6297	1.53081	1.63719	1.53565	1.61305	1.55095

