Evaluation : N=228, type=float
MM_ijk	3.90561	3.82266	3.8825	3.57693	3.11986	3.08596	3.08653	3.06781	3.09219	3.08608	3.08377	3.09734	3.07451	3.06297	3.07631	3.08703

MM_ikj	0.344224	0.348974	0.351569	0.34453	0.350361	0.36641	0.355692	0.34749	0.343859	0.343452	0.344326	0.343419	0.345002	0.351276	0.344451	0.350472

MM_B_ijk	1.55945	1.5336	1.56499	1.5336	1.55662	1.54488	1.53417	1.58573	1.52884	1.56349	1.58031	1.53433	1.56695	1.53118	1.56144	1.54444

Evaluation : N=228, type=float
MM_ijk	3.70766	3.28887	3.08038	3.12605	3.09176	3.10622	3.12279	3.08591	3.14116	3.08329	3.09904	3.09412	3.08726	3.07791	3.13484	3.09631

MM_ikj	0.344789	0.34996	0.351668	0.34348	0.352179	0.395735	0.357584	0.357033	0.348584	0.34371	0.346534	0.343581	0.350136	0.343688	0.354953	0.344634

MM_B_ijk	1.61318	1.52802	1.6264	1.53085	1.61116	1.55922	1.54115	1.62919	1.52897	1.61491	1.55495	1.55795	1.61854	1.53057	1.66711	1.52982

Evaluation : N=228, type=float
MM_ijk	3.64911	3.2325	3.08694	3.08969	3.08732	3.12252	3.09188	3.08793	3.06054	3.09046	3.07637	3.08892	3.08833	3.06213	3.08841	3.07784

MM_ikj	0.352349	0.35189	0.344411	0.348486	0.365195	0.356654	0.348272	0.343785	0.344252	0.343564	0.343368	0.351285	0.414978	0.421011	0.36401	0.358178

MM_B_ijk	1.53585	1.58326	1.56484	1.54117	1.5645	1.53027	1.54462	1.56685	1.5438	1.56577	1.52921	1.56229	1.545	1.54125	1.57011	1.52824

