Evaluation : N=346, type=float
MM_ijk	4.27329	3.8563	3.39889	3.39701	3.39346	3.38531	3.3888	3.38463	3.38178	3.38874	3.4657	3.39302	3.40453	3.37802	3.40441	3.4705

MM_ikj	1.41217	1.41547	1.40688	1.41043	1.4198	1.41273	1.40984	1.4224	1.41834	1.40974	1.40824	1.42956	1.41011	1.41278	1.4239	1.41044

MM_B_ijk	1.56203	1.58847	1.57023	1.59157	1.56403	1.58074	1.56492	1.56641	1.5851	1.56361	1.58919	1.56108	1.58896	1.56338	1.58818	1.56294

Evaluation : N=346, type=float
MM_ijk	3.9525	3.85498	3.39188	3.38815	3.38279	3.39163	3.39142	3.38671	3.37988	3.38017	3.38486	3.38455	3.38627	3.38711	3.38731	3.39154

MM_ikj	1.41285	1.40961	1.43499	1.41395	1.41185	1.41321	1.42424	1.4085	1.41175	1.42788	1.41292	1.4107	1.42294	1.41597	1.40828	1.40934

MM_B_ijk	1.59273	1.56416	1.59403	1.56207	1.59139	1.5636	1.84802	1.71841	1.6171	1.72951	1.5529	1.54407	1.54904	1.54054	1.54503	1.59513

