Evaluation : N=319, type=float
MM_ijk	3.9018	3.83296	3.64772	3.35884	3.33112	3.33611	3.34563	3.33269	3.34893	3.32472	3.32596	3.32965	3.32421	3.3711	3.35539	3.325

MM_ikj	1.84428	1.83401	1.83115	1.83918	1.83036	1.82754	1.83871	1.83145	1.82617	1.98471	1.83276	1.83222	1.83679	1.83088	1.83165	1.83566

MM_B_ijk	1.55896	1.5506	1.54929	1.55578	2.03517	1.73292	1.74945	1.56972	1.55291	1.55332	1.55195	1.56243	1.55832	1.55179	1.55745	1.55798

Evaluation : N=319, type=float
MM_ijk	4.2232	3.54438	3.34088	3.35156	3.33946	3.34378	3.34822	3.33597	3.34715	3.34709	3.33929	3.35078	3.33473	3.37169	3.33831	3.33807

MM_ikj	1.87168	1.84608	1.85813	1.86315	1.84847	1.86464	1.86186	1.84577	1.86721	1.86151	1.84462	1.87011	1.85549	1.84293	1.8681	1.85737

MM_B_ijk	1.57711	1.57572	1.58382	1.59785	1.60766	1.58513	1.578	1.57625	1.58087	1.57491	1.58092	1.60276	1.58443	1.5835	1.57779	1.57504

