Evaluation : N=515, type=float
MM_ijk	4.11878	3.63533	3.43968	3.6371	3.53159	3.59357	3.43822	3.42983	3.45612	3.4376	3.42853	3.47247	3.85548	3.9278	3.52101	3.42405

MM_ikj	1.99365	1.84184	1.83788	2.07434	1.8358	1.84442	1.83434	1.86106	1.83137	1.82731	1.81535	1.81554	1.81304	1.81584	1.82903	1.82164

MM_B_ijk	1.55257	1.55199	1.58866	1.59242	1.59008	1.58701	1.61915	1.6164	1.55825	1.58017	1.58573	1.57465	1.58321	1.58254	1.58273	1.60101

Evaluation : N=515, type=float
MM_ijk	4.60186	4.60265	4.08664	4.16286	4.24029	6.23388	4.1279	4.35294	4.13881	4.27689	4.29592	4.07517	4.13975	4.07627	4.2451	4.04524

MM_ikj	1.86272	1.87174	1.84484	1.84471	1.84123	1.89282	2.75858	1.85779	1.84631	1.85318	1.84648	1.88675	1.85385	1.84716	1.84898	1.84804

MM_B_ijk	1.55588	1.57593	1.55563	1.55745	1.59593	1.56131	1.61156	1.72485	1.5683	1.55362	1.55654	1.55338	1.56962	1.58724	1.59312	1.56776

