Evaluation : N=317, type=float
MM_ijk	3.83993	3.74243	3.54395	3.35115	3.36409	3.36659	3.3346	3.34391	3.34932	3.33525	3.3464	3.34465	3.33333	3.38106	3.33707	3.33883

MM_ikj	1.87823	1.84894	1.8524	1.87337	1.85243	1.85153	1.85875	1.85652	1.84489	1.8539	1.89091	1.8507	1.86146	1.88656	1.85269	1.86097

MM_B_ijk	1.60085	1.58912	1.60033	1.57664	1.58024	1.57283	1.5709	1.58244	1.55666	1.55501	1.55406	1.56652	1.54832	1.54814	1.54637	1.54586

Evaluation : N=317, type=float
MM_ijk	4.05513	3.38727	3.47134	3.33095	3.32987	3.33515	3.32563	3.33331	3.32997	3.3324	3.34066	3.34067	3.34066	3.34714	3.3411	3.34073

MM_ikj	1.87514	1.84499	1.85005	1.87365	1.84595	1.8499	1.86769	1.85546	1.84614	1.86936	1.859	1.84832	1.87641	1.87414	2.13243	1.88071

MM_B_ijk	1.57853	1.57281	1.57093	1.58238	1.57227	1.57545	1.57468	1.59486	1.57087	1.61216	1.76764	1.61645	1.66705	1.57064	1.57608	1.57441

