Evaluation : N=155, type=float
MM_ijk	3.82762	3.93176	3.73325	3.75885	3.8559	3.74103	3.77701	3.85255	3.7538	3.80355	3.79112	3.77244	3.74469	3.92836	3.80706	3.7428

MM_ikj	2.33558	2.37504	2.39351	2.31313	2.32591	2.33676	2.2587	2.08507	1.99929	1.98915	1.86565	1.89025	1.87262	1.97001	1.98421	1.87046

MM_B_ijk	1.52212	1.52852	1.54728	1.53281	1.60371	1.56751	1.52194	1.52443	1.52159	1.53614	1.54751	1.53471	1.60023	1.56242	1.52172	1.52455

Evaluation : N=155, type=float
MM_ijk	3.79826	3.53371	3.45203	3.49253	3.57727	3.53327	3.47885	3.54444	3.48924	3.46096	3.5462	3.5348	3.46114	3.47952	3.54213	3.52336

MM_ikj	2.145	2.16642	2.15341	2.2477	2.19037	2.1568	2.13832	2.16837	2.21944	2.22543	2.1474	2.14088	2.17912	2.26262	2.2457	1.89677

MM_B_ijk	1.52976	1.52427	1.52196	1.56091	1.52487	1.59823	1.5779	1.52958	1.5223	1.52443	1.52188	1.56098	1.5278	1.58682	1.6219	1.54473

Evaluation : N=155, type=float
MM_ijk	3.9737	3.73389	4.00063	3.84178	3.78347	3.905	3.85057	4.00527	3.95954	3.80273	3.85017	4.06258	4.29478	4.17239	4.0347	3.82539

MM_ikj	2.37745	2.33364	2.56385	2.43571	2.37003	2.24276	2.01697	2.04861	2.1517	1.88482	1.88355	2.0385	1.89108	1.88342	2.03708	1.91227

MM_B_ijk	1.53319	1.53062	1.52256	1.60115	1.55135	1.80714	1.59303	1.53198	1.56143	1.53566	1.53154	1.58273	1.71252	1.76835	1.57603	1.53212

