Evaluation : N=323, type=float
MM_ijk	4.03778	3.35371	3.34224	3.33368	3.34069	3.33142	3.33856	3.34404	3.34014	3.33386	3.33593	3.33279	3.33913	3.37764	3.33683	3.32491

MM_ikj	1.84297	1.82591	1.82839	1.83957	1.82773	1.83082	1.83709	1.82771	1.83855	1.84025	1.83049	1.83834	1.82641	1.82819	1.8416	1.82836

MM_B_ijk	1.54681	1.54855	1.55327	1.54457	1.54915	1.54222	1.55131	1.5476	1.54996	1.54798	1.54212	1.54095	1.54173	1.55233	1.59557	1.55729

Evaluation : N=323, type=float
MM_ijk	4.20281	3.85892	3.34048	3.36063	3.33529	3.35438	3.33559	3.3509	3.34363	3.35344	3.34145	3.35194	3.34139	3.35283	3.34395	3.36001

MM_ikj	1.8445	1.8684	1.85066	1.84944	1.87585	1.84364	1.85822	1.86341	1.84786	1.87207	1.84824	1.84883	1.86923	1.85754	1.86511	1.85336

MM_B_ijk	1.5687	1.58544	1.60118	1.57576	1.57031	1.56677	1.56788	1.57079	1.59634	1.57323	1.56727	1.56764	1.56492	1.57734	1.5939	1.57834

