Evaluation : N=63, type=float
MM_ijk	3.14038	2.83747	2.84145	2.8376	2.99132	2.84039	2.8378	3.96755	4.04194	2.85743	3.26529	2.88479	2.90132	2.84498	2.87417	2.84939

MM_ikj	2.4676	2.34002	2.40046	2.44742	2.21677	2.21503	2.21538	2.21502	2.21525	2.21521	2.21504	2.21538	2.21497	2.21533	2.21512	2.21513

MM_B_ijk	2.07567	1.93871	1.93856	1.93868	1.9383	1.93999	1.9385	1.93957	1.93926	1.9396	1.93932	1.94017	1.93938	1.94074	1.93899	1.93996

Evaluation : N=63, type=float
MM_ijk	3.2449	3.20776	2.84814	2.866	2.84084	3.37381	2.92469	3.02462	2.8395	2.83857	2.83893	2.83657	2.8394	3.02936	2.83775	2.84004

MM_ikj	2.2177	2.21501	2.21553	2.21499	2.21528	2.21519	2.21506	2.21536	2.21502	2.21533	2.21514	2.2151	2.21534	2.31676	2.2152	2.21514

MM_B_ijk	1.94109	1.93992	1.93877	1.93938	1.93929	1.93902	1.94038	1.93859	1.93905	1.93959	1.93973	1.93906	1.93962	1.93924	1.93905	2.15202

Evaluation : N=63, type=float
MM_ijk	3.13914	2.9774	2.83961	2.83867	3.12375	2.84003	2.8384	3.32113	4.00299	3.57539	2.8585	3.27615	3.2536	2.85273	2.83748	2.85899

MM_ikj	2.21735	2.23978	2.41203	2.42825	2.38424	2.21661	2.215	2.21529	2.55954	2.21516	2.21534	2.37327	2.21509	2.21523	2.21526	2.21504

MM_B_ijk	1.9423	1.93994	1.9386	1.93956	1.93944	1.93943	1.93977	1.93904	1.93896	1.93902	1.93879	1.93963	2.05066	1.9385	1.93848	1.93887

