Evaluation : N=54, type=float
MM_ijk	3.14579	3.7058	3.82745	3.95097	3.3652	2.7747	2.82363	3.33904	2.77954	2.86359	2.80056	2.78462	2.98862	2.69422	2.68433	2.66631

MM_ikj	1.5615	1.55859	1.58633	1.93398	1.74808	1.76257	1.72982	2.0912	1.82801	1.6169	1.61617	1.61613	1.61612	1.79846	1.5563	1.55617

MM_B_ijk	1.77084	1.76762	1.76604	1.76663	1.76798	1.76656	1.76756	1.76727	1.76668	1.76719	1.76689	1.76665	1.76682	1.7663	1.76674	1.76677

Evaluation : N=54, type=float
MM_ijk	5.33559	4.66663	4.74075	4.64107	5.96949	4.95516	4.91642	4.01164	3.76457	3.39615	4.1485	4.66151	4.7068	4.14875	3.28625	3.3476

MM_ikj	1.8418	1.83898	1.8467	1.86799	2.32982	1.83759	1.85063	1.83931	1.8622	1.84632	1.92159	1.91666	1.91487	1.97187	1.92696	1.923

MM_B_ijk	2.17829	2.36588	2.3949	2.29008	2.19251	2.17589	2.18259	2.13357	2.12409	2.16518	2.445	2.17124	3.63148	2.79418	3.78615	2.89967

Evaluation : N=54, type=float
MM_ijk	3.28044	2.88024	2.89189	3.09885	3.08765	3.35695	2.88206	2.88037	2.88095	2.88064	2.88028	2.88075	2.88108	2.88091	2.88065	2.88054

MM_ikj	1.68552	1.68124	1.90585	1.68435	1.68083	1.68082	1.68085	1.68087	1.68089	1.68091	1.68088	1.68086	1.68084	1.68083	1.68083	1.68083

MM_B_ijk	1.91505	1.9081	1.90826	1.90729	1.90778	1.90732	1.90776	1.90787	1.90814	1.90799	1.90856	1.90793	1.90799	1.90714	1.9078	1.90752

