Evaluation : N=294, type=float
MM_ijk	3.80059	3.37993	3.35759	3.38476	3.35196	3.35152	3.3538	3.35807	3.3547	3.35898	4.56385	5.26998	4.98607	4.69879	4.50288	4.21409

MM_ikj	1.83081	2.65203	2.58319	2.81155	1.79378	1.83637	1.69594	1.55	1.5444	1.44447	1.41804	1.44905	1.4597	1.44059	1.43212	1.43069

MM_B_ijk	1.72319	1.59514	1.62774	1.59508	1.53731	1.54256	1.55771	2.29075	1.99904	1.71205	1.62898	1.56931	1.55149	1.5462	1.53795	1.53369

Evaluation : N=294, type=float
MM_ijk	3.9176	3.86023	3.85285	3.45269	3.36192	3.34911	3.34442	3.34672	3.34992	3.36239	3.36267	3.36275	3.34081	3.34981	3.34561	3.36334

MM_ikj	1.43007	1.43041	1.43541	1.40657	1.43639	1.4251	1.43828	1.42577	1.4051	1.43217	1.43747	1.43268	1.42678	1.40778	1.42962	1.42996

MM_B_ijk	1.57787	1.57807	1.57485	1.57415	1.54047	1.57436	1.57608	1.57514	1.57892	2.26071	1.59875	1.57654	1.60742	1.58589	1.57734	1.57532

