Evaluation : N=150, type=float
MM_ijk	3.80374	3.69163	3.67627	3.62998	3.64404	3.71775	3.65175	3.62136	3.66951	3.70529	3.67054	3.52145	3.17269	3.14667	3.02865	3.03265

MM_ikj	1.49822	1.4685	1.57567	1.51489	1.46913	1.47128	1.46808	1.47285	1.46804	1.50466	1.46872	1.54085	1.49181	1.46918	1.47073	1.46817

MM_B_ijk	1.53097	1.51808	1.55185	1.51893	1.58738	1.53943	1.51881	1.52113	1.51849	1.52268	1.54368	1.54917	1.55029	1.57923	1.54413	1.51925

Evaluation : N=150, type=float
MM_ijk	3.84488	3.77237	3.85881	3.89554	3.78196	3.79526	3.90019	3.79081	3.75859	3.86541	3.96117	3.76517	3.79625	3.98388	3.77848	3.82487

MM_ikj	1.84235	2.05198	1.88412	1.83314	1.82812	1.8601	1.82824	1.8717	2.04588	1.87414	1.83154	1.82339	1.82031	1.86852	1.79645	1.73316

MM_B_ijk	1.69903	1.65865	1.63238	1.54446	1.51909	1.53604	1.54573	1.67491	1.69174	1.54992	1.52789	1.53844	1.5221	1.51821	1.56272	1.54869

Evaluation : N=150, type=float
MM_ijk	4.78384	4.19279	4.29291	4.35356	4.36626	4.16127	4.50458	4.7207	4.36009	4.81959	4.03652	4.50543	4.88004	4.30626	3.87221	4.90189

MM_ikj	3.02736	2.4787	1.81629	2.14799	2.40802	2.26933	2.09397	1.87747	1.98664	1.81746	2.37438	2.49823	2.13218	1.77357	2.12321	1.86975

MM_B_ijk	1.96545	2.4949	2.73354	2.28983	1.92523	1.69969	2.4583	2.40526	1.82603	2.1512	1.82317	1.52227	1.81724	2.39934	1.94204	2.0088

