Evaluation : N=177, type=float
MM_ijk	3.90726	3.95732	3.82875	3.90391	3.86307	3.87039	3.91069	3.63766	3.33553	3.10345	3.09973	3.10398	3.14628	3.12892	3.07279	3.09235

MM_ikj	1.91374	1.85703	1.92048	1.90958	1.91036	1.85581	1.85065	1.88733	1.9016	1.88173	1.85115	1.88116	1.87578	1.90576	1.85974	1.87547

MM_B_ijk	1.52778	1.59064	1.55674	1.52599	1.52289	1.55914	1.56966	1.55922	1.5306	1.53539	1.55556	1.532	1.59252	1.5279	1.52387	1.55808

Evaluation : N=177, type=float
MM_ijk	4.01488	3.81386	3.98065	3.82031	3.89283	3.93065	3.83968	3.79744	3.90889	3.82277	3.84823	3.80893	3.6839	3.28207	3.07759	3.11947

MM_ikj	1.95405	1.85549	1.85139	1.89837	1.85127	1.85064	1.86594	1.89266	1.86626	1.85128	1.86168	1.95769	1.91066	1.85155	1.8507	1.866

MM_B_ijk	1.58864	1.54918	1.52464	1.52399	1.55124	1.56598	1.53579	1.52425	1.52472	1.5393	1.53131	1.5721	1.52731	1.52608	1.53929	1.52848

Evaluation : N=177, type=float
MM_ijk	4.10472	3.92832	3.93317	3.96875	3.84553	3.97304	3.80624	3.45105	3.15574	3.20436	3.09352	3.06976	3.17019	3.06892	3.13631	3.13164

MM_ikj	1.88511	1.86888	2.1308	1.87168	1.85261	1.89302	1.9965	1.89636	1.85279	1.8605	1.92309	1.95828	1.85325	1.86043	1.87765	1.99931

MM_B_ijk	1.5434	1.5258	1.5383	1.56148	1.6966	1.58717	1.52621	1.54813	1.57358	1.74683	1.54851	1.52617	1.53711	1.54247	1.72203	1.55015

