Evaluation : N=179, type=float
MM_ijk	4.05679	3.8611	3.99199	3.85738	3.95339	3.90453	4.0017	3.83812	3.93907	3.83612	3.93675	3.83534	3.92436	3.8385	3.70305	3.30293

MM_ikj	1.92888	1.93715	1.86567	1.85873	1.87515	1.99012	1.85233	1.85851	1.85694	2.00617	1.86684	1.85847	1.86651	1.99367	1.86809	1.86183

MM_B_ijk	1.53984	1.68245	1.5775	1.52434	1.53396	1.54062	1.67885	1.58535	1.52406	1.5345	1.5393	1.67719	1.57802	1.52417	1.52724	1.53241

Evaluation : N=179, type=float
MM_ijk	3.90605	3.90083	3.86382	3.88767	3.82513	3.95815	3.82151	3.90387	3.84849	3.87782	3.86006	3.89827	3.65698	3.32852	3.12534	3.10819

MM_ikj	1.89101	1.87634	1.84977	1.86507	1.88551	1.88843	1.84961	1.8492	1.87138	1.92141	1.87714	1.87424	1.9268	1.92748	1.85314	1.85065

MM_B_ijk	1.53755	1.56914	1.55543	1.52706	1.5234	1.53875	1.55044	1.57232	1.53616	1.5241	1.53634	1.54319	1.59058	1.52547	1.52171	1.53761

Evaluation : N=179, type=float
MM_ijk	4.56177	4.30411	4.21672	4.16531	4.15954	4.2534	4.01594	3.89795	3.83147	3.81612	3.96148	3.64128	3.81909	3.70726	3.70962	3.65012

MM_ikj	2.05171	2.50848	2.19336	2.01471	2.2757	2.2704	2.1241	2.12828	2.14525	2.3914	2.1272	1.99745	2.36701	2.08344	2.10704	2.25405

MM_B_ijk	1.79833	1.85235	1.65176	1.86456	1.9296	1.86	1.61086	1.80404	1.88394	1.96532	1.58795	1.8691	1.93974	1.99105	1.70163	1.78603

