Evaluation : N=269, type=float
MM_ijk	3.81822	3.31444	3.28697	3.28144	3.28926	3.29651	3.27935	3.29242	3.27942	3.28998	3.2767	3.29291	3.27806	3.27858	3.29119	3.27937

MM_ikj	1.85261	1.85777	1.83892	1.84052	1.84604	1.84848	1.85268	1.84798	1.83354	1.84898	1.84354	1.89146	1.90327	1.89337	1.87578	1.87666

MM_B_ijk	1.60728	1.53356	1.58664	1.59252	1.53917	1.60286	1.59662	1.58828	1.55089	1.58953	1.57776	1.54983	1.59035	1.58678	1.53971	1.59398

Evaluation : N=269, type=float
MM_ijk	4.17645	3.82759	3.28754	3.30625	3.28188	3.28132	3.30483	3.2809	3.30528	3.28696	3.29856	3.30249	3.28686	3.30744	3.28336	3.30491

MM_ikj	1.83895	1.87672	1.87257	1.87543	1.86935	1.84095	1.87053	1.87184	1.87394	1.86099	1.84217	1.86852	1.87619	1.87434	1.87212	1.8343

MM_B_ijk	1.58746	1.60014	1.57601	1.55776	1.59903	1.59458	1.54466	1.59944	1.58991	1.54791	1.59806	1.59323	1.5451	1.59607	1.60014	1.53699

