Evaluation : N=189, type=float
MM_ijk	3.99102	3.84414	3.92957	3.85248	3.90241	3.97022	3.85335	4.22278	4.22224	3.63277	3.23707	3.14969	3.11506	3.19397	3.11528	3.19002

MM_ikj	1.8507	1.87071	1.98295	1.86939	1.89834	1.96971	1.90434	1.84926	1.86983	1.99455	1.85255	1.87174	1.93506	1.91523	1.85457	1.87423

MM_B_ijk	1.70241	1.56171	1.53415	1.55969	1.68207	1.58436	1.53566	1.55736	1.67827	1.58046	1.5398	1.54688	1.56309	1.7093	1.53843	1.53447

Evaluation : N=189, type=float
MM_ijk	3.78944	3.51894	3.25276	3.28317	3.09695	3.2652	3.09787	3.18957	3.11109	3.18514	3.09273	3.26519	3.0972	3.18891	3.0916	3.21931

MM_ikj	1.86751	1.85721	1.86144	1.9775	1.84605	1.87553	1.95458	1.92487	1.8464	1.87021	1.9791	1.85027	1.86339	1.9484	1.8774	1.8509

MM_B_ijk	1.54389	1.69552	1.5478	1.53302	1.54517	1.67229	1.55655	1.53563	1.52898	1.66894	1.56806	1.5326	1.53653	1.5566	1.68423	1.53197

Evaluation : N=189, type=float
MM_ijk	4.50277	4.84227	4.51557	4.30319	4.26247	3.98401	3.63174	3.66358	3.467	3.51005	3.39264	3.69214	3.42526	3.59399	3.39164	3.49261

MM_ikj	2.15238	2.11946	2.01961	2.13617	2.06637	2.2221	1.9901	2.09694	2.23933	1.94137	2.15286	2.19147	2.10186	2.01158	2.20004	2.0843

MM_B_ijk	1.86767	1.79787	1.73744	1.82066	1.69096	1.81869	1.78164	1.62342	1.99334	1.84187	1.70486	1.85856	1.68486	2.11806	1.72436	1.66127

