Evaluation : N=152, type=float
MM_ijk	3.60276	3.49964	3.72779	3.57379	3.97811	4.23144	4.02311	3.94626	4.18979	4.21537	3.95689	4.14218	4.0523	3.95138	4.13675	4.09553

MM_ikj	0.489993	0.489477	0.489438	0.497154	0.489586	0.489431	0.489447	0.489445	0.505537	0.490029	0.489498	0.489373	0.516645	0.489503	0.497027	0.513107

MM_B_ijk	2.5007	2.22051	2.17156	2.16062	2.18142	2.14443	2.00698	1.90419	1.81831	1.60804	1.59113	1.6106	1.88418	1.89106	1.56544	1.5429

Evaluation : N=152, type=float
MM_ijk	3.77343	3.57221	3.47904	3.51121	3.57619	3.52799	3.47397	3.51013	3.58269	3.47553	3.5976	3.56515	3.50489	3.00971	3.1458	2.93846

MM_ikj	0.349539	0.354093	0.364059	0.385096	0.348274	0.3473	0.362488	0.348942	0.347236	0.347223	0.347233	0.355015	0.347392	0.347315	0.34728	0.347316

MM_B_ijk	1.55875	1.53348	1.56449	1.55092	1.60495	1.58075	1.53334	1.53617	1.55371	1.53314	1.56317	1.53328	1.59537	1.61966	1.53339	1.53589

Evaluation : N=152, type=float
MM_ijk	3.74418	3.4768	3.4968	3.6198	3.63813	3.47991	3.49626	3.69925	3.51137	3.47245	3.71984	3.60652	3.47493	3.17181	3.14651	3.04401

MM_ikj	0.348506	0.347178	0.347436	0.354955	0.347661	0.347339	0.347363	0.347334	0.347369	0.347355	0.347365	0.354915	0.347089	0.346983	0.346999	0.346995

MM_B_ijk	1.58375	1.56024	1.81723	1.60876	1.53349	1.53849	1.53487	1.55748	1.56473	1.55797	1.80022	1.58549	1.73626	1.54443	1.53294	1.56006

