Evaluation : N=20, type=float
MM_ijk	5.15488	2.22475	2.20175	2.20075	2.20525	2.2095	2.20475	2.19975	2.20125	2.20925	2.204	2.20325	2.19788	2.2065	2.20725	2.20025

MM_ikj	0.669375	0.59775	0.597	0.59375	0.59275	0.5925	0.59325	0.59575	0.5935	0.59375	0.59475	0.59425	0.5955	0.594	0.59375	0.593

MM_B_ijk	2.12325	2.07638	2.05037	2.05187	2.03825	2.045	2.04237	2.04225	2.03675	2.043	2.0435	2.04688	2.03375	2.0365	2.04237	2.04763

Evaluation : N=20, type=float
MM_ijk	5.4045	2.29913	2.28538	2.28625	2.28075	2.28012	2.28375	2.288	2.281	2.28025	2.28475	2.289	2.2845	2.27963	2.28675	2.2875

MM_ikj	0.665125	0.621	0.62125	0.61875	0.61825	0.617875	0.617	0.61675	0.615875	0.61575	0.616125	0.61675	0.617	0.61775	0.618125	0.61875

MM_B_ijk	2.21037	2.151	2.12962	2.12787	2.123	2.11738	2.118	2.12588	2.115	2.118	2.1165	2.12438	2.11725	2.11575	2.1115	2.12738

Evaluation : N=20, type=float
MM_ijk	5.29087	2.20025	2.18425	2.179	2.18012	2.18213	2.16988	2.16975	2.18525	2.1805	2.17675	2.17475	2.18812	2.16737	2.18812	2.17525

MM_ikj	0.692875	0.62025	0.62075	0.61875	0.6185	0.618	0.617	0.616875	0.61675	0.616125	0.61575	0.616	0.616875	0.61725	0.618375	0.6185

MM_B_ijk	2.2075	2.13112	2.12988	2.126	2.12913	2.1165	2.13112	2.11725	6.5055	2.034	2.041	2.0345	2.035	2.03975	2.03925	2.041

