Evaluation : N=307, type=float
MM_ijk	4.0413	3.98141	3.63414	3.31629	3.31974	3.31603	3.32117	3.32478	3.32118	3.32499	3.31848	3.31952	3.32066	3.32238	3.31979	3.4128

MM_ikj	1.84042	1.83214	1.83452	1.83519	1.83248	1.84403	1.83439	1.82949	1.83086	1.83536	1.84311	1.83694	1.83071	1.84038	1.83263	1.83235

MM_B_ijk	1.54506	1.54883	1.57116	1.54469	1.54486	1.54482	1.54498	1.54453	1.54406	1.54438	1.54463	1.5454	1.54533	1.55078	1.54609	1.54719

Evaluation : N=307, type=float
MM_ijk	3.68099	3.34386	3.33549	3.33426	3.33656	3.32825	3.32762	3.32199	3.32912	3.32212	3.33408	3.32432	3.33097	3.32518	3.33051	3.58161

MM_ikj	3.47215	3.71003	3.51334	2.99281	1.90651	1.83815	1.83314	1.82934	1.82946	1.83525	1.82873	1.83733	1.83772	1.82949	1.83561	1.83418

MM_B_ijk	1.54287	1.54746	1.54286	1.54866	1.54189	1.55492	1.54854	1.54603	1.54609	1.54759	1.5536	1.54412	1.54784	1.54134	1.54489	1.5474

