Evaluation : N=348, type=float
MM_ijk	4.19112	3.77473	3.32406	3.31629	3.31784	3.32103	3.34887	3.33492	3.33474	3.33268	3.36528	3.3234	3.31721	3.32109	3.31904	3.31586

MM_ikj	0.423939	0.42159	0.409357	0.433997	0.410095	0.413565	0.434844	0.428602	0.641536	0.764428	0.759356	0.764574	0.736974	0.44905	0.413533	0.427371

MM_B_ijk	1.55434	1.55679	1.72604	1.56204	1.55739	1.57103	1.56165	1.56469	1.55087	1.55802	1.55857	1.74055	1.5917	1.84258	1.55579	1.55909

Evaluation : N=348, type=float
MM_ijk	4.14232	3.34233	3.31216	3.3115	3.3112	3.31217	3.31123	3.31246	3.31376	3.31228	3.36563	3.32288	3.32865	3.32508	3.32281	3.32279

MM_ikj	0.414669	0.434045	0.410402	0.436283	0.411049	0.413715	0.434509	0.412798	0.429953	0.414987	0.412262	0.434805	0.409497	0.433345	0.414705	0.41186

MM_B_ijk	1.60347	1.57536	1.60292	1.57436	1.60215	1.57743	1.60941	1.58142	1.62318	1.57301	1.60389	1.57463	1.60712	1.57258	1.60394	1.57855

