Evaluation : N=261, type=float
MM_ijk	3.98526	4.23478	4.41943	4.42825	4.01064	3.286	3.26422	3.43296	3.76927	3.88698	3.99215	3.83119	4.04641	3.90756	3.84715	3.75524

MM_ikj	2.10424	2.37154	2.65642	2.85529	3.79517	3.85797	3.90805	3.06104	2.03561	1.96817	2.01777	2.7817	1.85877	1.87609	1.85339	1.92251

MM_B_ijk	1.53199	1.59234	1.54331	1.53503	1.55374	1.52737	1.54856	1.54365	1.53647	1.55061	1.52904	1.54908	1.54778	1.53203	1.54851	1.52686

Evaluation : N=261, type=float
MM_ijk	4.17593	4.11315	4.07023	3.88238	3.29725	3.2851	3.29382	3.27651	3.28153	3.30165	3.29647	3.27737	3.29455	3.29944	3.28091	3.28579

MM_ikj	1.88528	1.85003	1.87021	1.89872	1.87636	1.88975	1.85827	2.09468	1.84981	1.85611	1.84731	1.83904	1.84505	1.86241	2.01155	2.36418

MM_B_ijk	1.54565	1.60772	1.53445	1.59653	1.61909	1.87489	1.6028	1.59568	1.53716	1.71741	1.88587	1.54132	1.881	2.36971	1.71953	1.5696

