Evaluation : N=277, type=float
MM_ijk	4.45485	4.67257	4.58217	3.48752	3.2923	3.29291	3.32571	3.3047	3.28873	3.28602	3.31091	3.29442	3.31587	3.28344	3.30496	3.29191

MM_ikj	1.86181	1.86517	1.86238	1.86822	1.86798	1.86081	1.8544	2.33869	1.83326	1.84451	1.86616	1.86569	1.86583	1.86677	1.87151	1.86317

MM_B_ijk	1.53009	1.58688	1.58759	1.57985	1.53924	1.64715	1.57942	1.58261	1.53587	1.58593	1.58444	1.5862	1.55926	1.58082	1.60104	1.56564

Evaluation : N=277, type=float
MM_ijk	4.17544	4.12154	4.10279	3.3686	3.31439	3.28776	3.31431	3.29255	3.31122	3.2987	3.30088	3.31468	3.2941	3.31748	3.28983	3.32071

MM_ikj	1.87206	1.86745	1.84007	1.871	1.88275	1.86935	1.86994	1.88484	1.86938	1.86342	1.85377	1.85183	1.88574	1.87138	1.87518	1.87206

MM_B_ijk	1.6049	1.54474	1.58369	1.5938	1.58756	1.53919	1.58479	1.59606	1.58948	1.53974	1.58527	1.59404	1.58432	1.53488	1.58899	1.59553

