Evaluation : N=190, type=float
MM_ijk	3.8376	3.83696	3.837	3.79155	3.83674	3.84842	3.86682	3.80464	3.78767	3.83335	3.74432	3.85961	3.5573	3.36989	3.17985	3.23088

MM_ikj	1.43907	1.45293	1.50928	1.48046	1.44142	1.43724	1.45816	1.52664	1.46221	1.43916	1.43854	1.45804	1.47403	1.43934	1.43866	1.45875

MM_B_ijk	1.60576	1.53872	1.5264	1.54636	1.62329	1.55533	1.52996	1.54624	1.54585	1.55382	1.52851	1.52671	1.54167	1.56601	1.52836	1.52701

Evaluation : N=190, type=float
MM_ijk	4.02274	3.99438	3.93494	3.97119	4.06542	3.96159	3.95323	3.97144	3.96142	3.92304	3.38751	3.19557	3.19571	3.20025	3.16565	3.20464

MM_ikj	1.47184	1.43819	1.45253	1.45454	1.47985	1.45567	1.43725	1.46652	1.46331	1.48475	1.43761	1.4662	1.43795	1.47914	1.45611	1.43708

MM_B_ijk	1.55774	1.56551	1.55139	1.52725	1.54319	1.54656	1.5837	1.5269	1.55919	1.52874	1.58691	1.53134	1.54589	1.54075	1.56934	1.54937

Evaluation : N=190, type=float
MM_ijk	4.09418	3.94736	4.01868	3.92641	4.10036	3.97644	3.94365	4.00856	3.91907	3.55811	3.17776	3.22498	3.21093	3.21858	3.15495	3.21565

MM_ikj	1.44037	1.44752	1.49681	1.5162	1.44132	1.44274	1.45928	1.52803	1.48385	1.44957	1.45105	1.46856	1.48842	1.4489	1.45064	1.45017

MM_B_ijk	1.55412	1.56144	1.52688	1.55391	1.67208	1.85095	1.53353	1.56154	1.57492	1.60597	1.5535	1.56086	1.54006	1.6242	1.55031	1.56215

