Evaluation : N=198, type=float
MM_ijk	3.83597	3.48587	3.31209	3.198	3.29916	3.17824	3.21722	3.19262	3.20324	3.18163	3.20102	3.21896	3.17425	3.27023	3.18138	3.22981

MM_ikj	1.4349	1.43439	1.46934	1.47985	1.43542	1.43368	1.46914	1.48062	1.43521	1.44452	1.46113	1.47832	1.44842	1.43592	1.47079	1.47742

MM_B_ijk	1.52017	1.53378	1.56677	1.54102	1.52144	1.5463	1.55511	1.53962	1.5204	1.54562	1.57581	1.52095	1.53408	1.53549	1.5718	1.52108

Evaluation : N=198, type=float
MM_ijk	3.99238	3.77889	3.87035	3.882	3.79117	3.36904	3.16587	3.23272	3.22887	3.16993	3.25454	3.17127	3.25141	3.16283	3.21599	3.16906

MM_ikj	1.48444	1.43751	1.45635	1.43519	1.48012	1.44425	1.44159	1.44527	1.48185	1.43595	1.44341	1.44883	1.48072	1.43734	1.45081	1.43379

MM_B_ijk	1.58164	1.52237	1.53144	1.53572	1.57079	1.52323	1.53133	1.55092	1.5601	1.51931	1.54375	1.55403	1.54269	1.5192	1.54557	1.56365

Evaluation : N=198, type=float
MM_ijk	4.0506	4.00864	3.98229	4.02509	3.57895	3.21204	3.40342	4.04932	4.18192	3.8052	3.52381	3.38184	3.28435	3.19868	3.2799	3.16974

MM_ikj	1.44583	1.4623	1.44449	1.44633	1.66371	1.64292	1.72716	1.82113	2.28501	1.70051	1.60275	1.67549	1.58067	1.49579	1.48538	1.53378

MM_B_ijk	1.59455	1.54978	1.54533	1.65616	1.52121	1.51921	1.65316	1.56135	1.52029	1.54231	1.65992	1.53593	1.53108	1.53251	1.65671	1.54889

