Evaluation : N=316, type=float
MM_ijk	4.14764	4.10794	4.08999	3.84876	3.28934	3.2924	3.30034	3.28273	3.28698	3.28959	3.27301	3.2713	3.27491	3.32181	3.28379	3.28535

MM_ikj	0.447985	0.417761	0.424206	0.446221	0.421081	0.422088	0.442136	0.425312	0.41968	0.421893	0.448462	0.417913	0.42225	0.443343	0.422487	0.419587

MM_B_ijk	1.58127	1.58302	1.60679	1.5862	1.58223	1.58145	1.58064	1.58083	1.58425	1.58278	1.5843	1.60708	1.58301	1.58997	1.58449	1.58147

Evaluation : N=316, type=float
MM_ijk	4.15458	3.42029	3.29239	3.28071	3.28405	3.29189	3.29123	3.28283	3.28638	3.29619	3.2855	3.28025	3.29778	3.28809	3.2854	3.30508

MM_ikj	0.434968	0.417989	0.422017	0.45043	0.489213	0.630857	0.591294	0.421343	0.420866	0.43332	0.41732	0.423435	0.431679	0.41916	0.418352	0.426532

MM_B_ijk	1.56422	1.55944	1.5592	1.55608	1.55609	1.55562	1.55919	1.55931	1.61282	1.56459	1.57193	1.5638	1.55783	1.56526	1.57667	1.5582

