Evaluation : N=1000, type=float
MM_B_ijk	3.14815	3.0571	3.11513	3.23513	3.0172	3.05072	3.0368	3.01269	3.07031	3.00972	2.96993	3.12036	3.03946	3.0025	3.21196	3.03164

Evaluation : N=1000, type=float
MM_ijk	3.66697	3.66956	3.64485	3.64002	3.67481	3.68358	3.65389	3.64133	3.65403	3.67203	3.64886	3.65091	3.67948	3.6454	3.6506	3.6396

MM_t_ijk	3.47698	3.4907	3.48842	3.47829	3.48405	3.49345	3.46641	3.48366	3.49247	3.47675	3.47984	3.48055	3.4678	3.48991	3.47442	3.46537

Evaluation : N=1000, type=float
MM_B_ijk	3.28578	3.19168	3.13589	3.18979	3.18318	3.04839	3.21095	3.17664	3.2917	3.15335	3.15076	3.15886	3.27124	3.10158	3.15901	3.27601

