Evaluation : N=1000, type=float
MM_B_ijk	2.97362	3.14283	3.39785	3.16543	3.33778	3.39006	3.23954	3.40813	3.30593	3.055	3.3007	3.32432	3.22224	3.04789	3.08053	3.03167

Evaluation : N=1000, type=float
MM_ijk	3.63961	3.66812	3.64528	3.64547	3.6229	3.65943	3.62783	3.63537	3.62917	3.66523	3.64415	3.63097	3.6323	3.673	3.63855	3.62697

MM_t_ijk	3.48855	3.48517	3.48104	3.50202	3.47942	3.49283	3.49034	3.48782	3.47724	3.49536	3.49437	3.46774	3.47847	3.48905	3.47916	3.48998

Evaluation : N=1000, type=float
MM_B_ijk	2.96278	2.96565	2.99365	2.98546	3.0752	3.34846	3.4081	3.1169	2.9828	3.19821	3.11013	3.04886	3.00541	3.00087	2.99003	2.97963

