Evaluation : N=1000, type=float
MM_B_ijk	2.96905	2.96749	2.95186	2.94154	2.94312	2.95676	2.95748	2.94139	2.9531	2.94309	2.94012	2.96526	2.96489	2.96423	2.95686	2.95893

Evaluation : N=1000, type=float
MM_B_ijk	2.95864	2.95259	2.98188	2.95188	2.94823	2.94731	2.95154	2.97508	2.95712	2.94278	2.94685	2.95655	3.0726	3.10801	3.29435	3.14979

Evaluation : N=1000, type=float
MM_ijk	3.69742	3.66533	3.70966	3.68696	3.66951	3.67296	3.70398	3.69771	3.70302	3.73038	3.68442	3.66689	3.6612	3.70972	3.66076	3.66497

MM_t_ijk	3.47333	3.48393	3.4717	3.47503	3.4764	3.47908	3.47816	3.48138	3.49288	3.48468	3.48686	3.48515	3.48127	3.47857	3.48487	3.482

Evaluation : N=1000, type=float
MM_B_ijk	2.97879	2.95466	2.95093	2.94957	2.96225	2.93592	2.93326	2.94	2.94154	2.96578	2.93718	2.93524	2.93836	2.9394	2.96008	2.9371

