Evaluation : N=100, type=char
ZERO	1.8152	0.0418	0.0353	0.0354	0.0351	0.0359	0.0351	0.0351	0.0351	0.0356	0.0355	0.0353	0.0351	0.0353	0.0355	0.0357

COPY_ij	2.9246	0.0413	0.0363	0.0365	0.0361	0.0361	0.0363	0.0363	0.0362	0.036	0.0364	0.0362	0.0362	0.0366	0.0364	0.0365

COPY_ji	0.28	0.2716	0.272	0.268	0.2716	0.2674	0.2708	0.271	0.2681	0.2708	0.2688	0.2719	0.268	0.2718	0.269	0.2723

ADD_ij	0.3652	0.3489	0.3469	0.3464	0.3452	0.3453	0.3455	0.3456	0.3457	0.3465	0.3466	0.3463	0.3462	0.3462	0.346	0.3459

ADD_ji	0.3915	0.3813	0.382	0.3824	0.3822	0.3818	0.3828	0.3824	0.3832	0.3824	0.3826	0.3818	0.382	0.3818	0.382	0.3814

PS	0.6154	0.2778	0.2775	0.2778	0.2775	0.2772	0.2773	0.2771	0.277	0.2768	0.2769	0.2767	0.2763	0.2766	0.277	0.277

MM_ijk	1.25143	1.18634	1.18614	1.18617	1.18611	1.18614	1.18615	1.18636	1.20312	1.18597	1.18593	1.18592	1.18619	1.18612	1.1861	1.2596

MM_ikj	0.748105	0.704381	0.704378	0.776386	0.704436	0.70431	0.706702	0.737819	0.829339	1.1862	0.857589	0.842738	0.764754	0.74806	0.713464	0.712655

MM_B_ijk	1.45418	1.78768	1.44171	1.48441	1.44615	1.43754	1.446	1.43839	1.43792	1.45668	1.45422	1.44556	1.43834	1.45452	1.43779	1.54703

